Time [fs],Original field real,Original field imaginary,RK4 field real,RK4 field imaginary,Analytical real,Analytical imaginary
-102.4,3.05839e-07,0,3.05839e-07,-3.25401e-20,3.05839e-07,-3.25401e-20
-102.3,3.15636e-07,0,3.15636e-07,-3.57683e-20,3.15636e-07,-3.57683e-20
-102.2,3.25736e-07,0,3.25736e-07,-3.93133e-20,3.25736e-07,-3.93133e-20
-102.1,3.3615e-07,0,3.3615e-07,-4.32058e-20,3.3615e-07,-4.32058e-20
-102,3.46885e-07,0,3.46885e-07,-4.74788e-20,3.46885e-07,-4.74788e-20
-101.9,3.57953e-07,0,3.57953e-07,-5.21698e-20,3.57953e-07,-5.21698e-20
-101.8,3.69362e-07,0,3.69362e-07,-5.73191e-20,3.69362e-07,-5.73191e-20
-101.7,3.81124e-07,0,3.81124e-07,-6.29708e-20,3.81124e-07,-6.29708e-20
-101.6,3.93248e-07,0,3.93248e-07,-6.91738e-20,3.93248e-07,-6.91738e-20
-101.5,4.05744e-07,0,4.05744e-07,-7.59798e-20,4.05744e-07,-7.59798e-20
-101.4,4.18625e-07,0,4.18625e-07,-8.34483e-20,4.18625e-07,-8.34483e-20
-101.3,4.31902e-07,0,4.31902e-07,-9.16424e-20,4.31902e-07,-9.16424e-20
-101.2,4.45586e-07,0,4.45586e-07,-1.00632e-19,4.45586e-07,-1.00632e-19
-101.1,4.5969e-07,0,4.5969e-07,-1.10494e-19,4.5969e-07,-1.10494e-19
-101,4.74226e-07,0,4.74226e-07,-1.2131e-19,4.74226e-07,-1.2131e-19
-100.9,4.89204e-07,0,4.89204e-07,-1.33172e-19,4.89204e-07,-1.33172e-19
-100.8,5.04642e-07,0,5.04642e-07,-1.46181e-19,5.04642e-07,-1.46181e-19
-100.7,5.2055e-07,0,5.2055e-07,-1.60446e-19,5.2055e-07,-1.60446e-19
-100.6,5.36945e-07,0,5.36945e-07,-1.76088e-19,5.36945e-07,-1.76088e-19
-100.5,5.53837e-07,0,5.53837e-07,-1.93236e-19,5.53837e-07,-1.93236e-19
-100.4,5.71242e-07,0,5.71242e-07,-2.12033e-19,5.71242e-07,-2.12033e-19
-100.3,5.89178e-07,0,5.89178e-07,-2.32638e-19,5.89178e-07,-2.32638e-19
-100.2,6.07658e-07,0,6.07658e-07,-2.55222e-19,6.07658e-07,-2.55222e-19
-100.1,6.26699e-07,0,6.26699e-07,-2.79974e-19,6.26699e-07,-2.79974e-19
-100,6.46316e-07,0,6.46316e-07,-3.07097e-19,6.46316e-07,-3.07097e-19
-99.9,6.66525e-07,0,6.66525e-07,-3.36814e-19,6.66525e-07,-3.36814e-19
-99.8,6.87346e-07,0,6.87346e-07,-3.69375e-19,6.87346e-07,-3.69375e-19
-99.7,7.08796e-07,0,7.08796e-07,-4.05046e-19,7.08796e-07,-4.05046e-19
-99.6,7.30894e-07,0,7.30894e-07,-4.44124e-19,7.30894e-07,-4.44124e-19
-99.5,7.53656e-07,0,7.53656e-07,-4.86923e-19,7.53656e-07,-4.86923e-19
-99.4,7.77103e-07,0,7.77103e-07,-5.33798e-19,7.77103e-07,-5.33798e-19
-99.3,8.01253e-07,0,8.01253e-07,-5.85128e-19,8.01253e-07,-5.85128e-19
-99.2,8.2613e-07,0,8.2613e-07,-6.41338e-19,8.2613e-07,-6.41338e-19
-99.1,8.51755e-07,0,8.51755e-07,-7.02888e-19,8.51755e-07,-7.02888e-19
-99,8.78146e-07,0,8.78146e-07,-7.70268e-19,8.78146e-07,-7.70268e-19
-98.9,9.05327e-07,0,9.05327e-07,-8.4403e-19,9.05327e-07,-8.4403e-19
-98.8,9.33318e-07,0,9.33318e-07,-9.24763e-19,9.33318e-07,-9.24763e-19
-98.7,9.62148e-07,0,9.62148e-07,-1.01313e-18,9.62148e-07,-1.01313e-18
-98.6,9.91839e-07,0,9.91839e-07,-1.10985e-18,9.91839e-07,-1.10985e-18
-98.5,1.02241e-06,0,1.02241e-06,-1.21568e-18,1.02241e-06,-1.21568e-18
-98.4,1.0539e-06,0,1.0539e-06,-1.33148e-18,1.0539e-06,-1.33148e-18
-98.3,1.08631e-06,0,1.08631e-06,-1.45817e-18,1.08631e-06,-1.45817e-18
-98.2,1.1197e-06,0,1.1197e-06,-1.59677e-18,1.1197e-06,-1.59677e-18
-98.1,1.15407e-06,0,1.15407e-06,-1.7484e-18,1.15407e-06,-1.7484e-18
-98,1.18946e-06,0,1.18946e-06,-1.91423e-18,1.18946e-06,-1.91423e-18
-97.9,1.2259e-06,0,1.2259e-06,-2.0956e-18,1.2259e-06,-2.0956e-18
-97.8,1.26342e-06,0,1.26342e-06,-2.29394e-18,1.26342e-06,-2.29395e-18
-97.7,1.30204e-06,0,1.30204e-06,-2.51081e-18,1.30204e-06,-2.51081e-18
-97.6,1.34181e-06,0,1.34181e-06,-2.74797e-18,1.34181e-06,-2.74797e-18
-97.5,1.38274e-06,0,1.38274e-06,-3.00722e-18,1.38274e-06,-3.00722e-18
-97.4,1.42488e-06,0,1.42488e-06,-3.29063e-18,1.42488e-06,-3.29063e-18
-97.3,1.46826e-06,0,1.46826e-06,-3.60042e-18,1.46826e-06,-3.60042e-18
-97.2,1.51291e-06,0,1.51291e-06,-3.93898e-18,1.51291e-06,-3.93898e-18
-97.1,1.55888e-06,0,1.55888e-06,-4.30903e-18,1.55888e-06,-4.30903e-18
-97,1.60619e-06,0,1.60619e-06,-4.71338e-18,1.60619e-06,-4.71338e-18
-96.9,1.65489e-06,0,1.65489e-06,-5.1552e-18,1.65489e-06,-5.15521e-18
-96.8,1.70501e-06,0,1.70501e-06,-5.63792e-18,1.70501e-06,-5.63792e-18
-96.7,1.75659e-06,0,1.75659e-06,-6.16523e-18,1.75659e-06,-6.16523e-18
-96.6,1.80968e-06,0,1.80968e-06,-6.74131e-18,1.80968e-06,-6.74131e-18
-96.5,1.86431e-06,0,1.86431e-06,-7.3705e-18,1.86431e-06,-7.3705e-18
-96.4,1.92054e-06,0,1.92054e-06,-8.05767e-18,1.92054e-06,-8.05767e-18
-96.3,1.9784e-06,0,1.9784e-06,-8.80809e-18,1.9784e-06,-8.80809e-18
-96.2,2.03794e-06,0,2.03794e-06,-9.62751e-18,2.03794e-06,-9.62751e-18
-96.1,2.09921e-06,0,2.09921e-06,-1.05222e-17,2.09921e-06,-1.05222e-17
-96,2.16225e-06,0,2.16225e-06,-1.14989e-17,2.16225e-06,-1.14989e-17
-95.9,2.22712e-06,0,2.22712e-06,-1.25652e-17,2.22712e-06,-1.25652e-17
-95.8,2.29386e-06,0,2.29386e-06,-1.37291e-17,2.29386e-06,-1.37291e-17
-95.7,2.36253e-06,0,2.36253e-06,-1.49994e-17,2.36253e-06,-1.49994e-17
-95.6,2.43318e-06,0,2.43318e-06,-1.63857e-17,2.43318e-06,-1.63857e-17
-95.5,2.50587e-06,0,2.50587e-06,-1.78984e-17,2.50587e-06,-1.78984e-17
-95.4,2.58065e-06,0,2.58065e-06,-1.95491e-17,2.58065e-06,-1.95491e-17
-95.3,2.65757e-06,0,2.65757e-06,-2.135e-17,2.65757e-06,-2.135e-17
-95.2,2.73671e-06,0,2.73671e-06,-2.33146e-17,2.73671e-06,-2.33146e-17
-95.1,2.81812e-06,0,2.81812e-06,-2.54578e-17,2.81812e-06,-2.54578e-17
-95,2.90186e-06,0,2.90186e-06,-2.77951e-17,2.90186e-06,-2.77951e-17
-94.9,2.98799e-06,0,2.98799e-06,-3.03444e-17,2.98799e-06,-3.03444e-17
-94.8,3.07659e-06,0,3.07659e-06,-3.31245e-17,3.07659e-06,-3.31245e-17
-94.7,3.16772e-06,0,3.16772e-06,-3.61559e-17,3.16772e-06,-3.61559e-17
-94.6,3.26145e-06,0,3.26145e-06,-3.94614e-17,3.26145e-06,-3.94614e-17
-94.5,3.35784e-06,0,3.35784e-06,-4.30645e-17,3.35784e-06,-4.30645e-17
-94.4,3.45697e-06,0,3.45697e-06,-4.69925e-17,3.45697e-06,-4.69925e-17
-94.3,3.55893e-06,0,3.55893e-06,-5.12742e-17,3.55893e-06,-5.12742e-17
-94.2,3.66378e-06,0,3.66378e-06,-5.59407e-17,3.66378e-06,-5.59407e-17
-94.1,3.77161e-06,0,3.77161e-06,-6.10267e-17,3.77161e-06,-6.10267e-17
-94,3.88247e-06,0,3.88247e-06,-6.65681e-17,3.88247e-06,-6.65681e-17
-93.9,3.99648e-06,0,3.99648e-06,-7.26065e-17,3.99648e-06,-7.26065e-17
-93.8,4.11372e-06,0,4.11372e-06,-7.91852e-17,4.11372e-06,-7.91852e-17
-93.7,4.23426e-06,0,4.23426e-06,-8.63521e-17,4.23426e-06,-8.63521e-17
-93.6,4.35821e-06,0,4.35821e-06,-9.41595e-17,4.3582e-06,-9.41595e-17
-93.5,4.48563e-06,0,4.48563e-06,-1.02663e-16,4.48563e-06,-1.02663e-16
-93.4,4.61664e-06,0,4.61664e-06,-1.11923e-16,4.61664e-06,-1.11923e-16
-93.3,4.75133e-06,0,4.75133e-06,-1.22007e-16,4.75133e-06,-1.22007e-16
-93.2,4.8898e-06,0,4.8898e-06,-1.32989e-16,4.8898e-06,-1.32989e-16
-93.1,5.03216e-06,0,5.03216e-06,-1.44946e-16,5.03216e-06,-1.44946e-16
-93,5.1785e-06,0,5.1785e-06,-1.57962e-16,5.1785e-06,-1.57962e-16
-92.9,5.32892e-06,0,5.32892e-06,-1.7213e-16,5.32892e-06,-1.7213e-16
-92.8,5.48354e-06,0,5.48354e-06,-1.87553e-16,5.48354e-06,-1.87553e-16
-92.7,5.64249e-06,0,5.64249e-06,-2.0434e-16,5.64249e-06,-2.0434e-16
-92.6,5.80587e-06,0,5.80587e-06,-2.22609e-16,5.80587e-06,-2.22609e-16
-92.5,5.97378e-06,0,5.97378e-06,-2.42488e-16,5.97378e-06,-2.42488e-16
-92.4,6.14635e-06,0,6.14635e-06,-2.64115e-16,6.14635e-06,-2.64115e-16
-92.3,6.32373e-06,0,6.32373e-06,-2.87647e-16,6.32373e-06,-2.87647e-16
-92.2,6.50602e-06,0,6.50602e-06,-3.13247e-16,6.50602e-06,-3.13247e-16
-92.1,6.69337e-06,0,6.69337e-06,-3.41096e-16,6.69337e-06,-3.41096e-16
-92,6.8859e-06,0,6.8859e-06,-3.71384e-16,6.8859e-06,-3.71384e-16
-91.9,7.08374e-06,0,7.08374e-06,-4.04323e-16,7.08374e-06,-4.04323e-16
-91.8,7.28703e-06,0,7.28703e-06,-4.40142e-16,7.28703e-06,-4.40142e-16
-91.7,7.49593e-06,0,7.49593e-06,-4.79091e-16,7.49593e-06,-4.79091e-16
-91.6,7.71061e-06,0,7.71061e-06,-5.21443e-16,7.71061e-06,-5.21443e-16
-91.5,7.93117e-06,0,7.93117e-06,-5.67483e-16,7.93117e-06,-5.67482e-16
-91.4,8.15779e-06,0,8.15779e-06,-6.1753e-16,8.15779e-06,-6.1753e-16
-91.3,8.3906e-06,0,8.3906e-06,-6.71925e-16,8.3906e-06,-6.71925e-16
-91.2,8.62982e-06,0,8.62982e-06,-7.31048e-16,8.62982e-06,-7.31049e-16
-91.1,8.8756e-06,0,8.8756e-06,-7.95305e-16,8.8756e-06,-7.95305e-16
-91,9.12808e-06,0,9.12808e-06,-8.65125e-16,9.12808e-06,-8.65125e-16
-90.9,9.38745e-06,0,9.38745e-06,-9.40987e-16,9.38745e-06,-9.40987e-16
-90.8,9.65387e-06,0,9.65387e-06,-1.0234e-15,9.65387e-06,-1.0234e-15
-90.7,9.92757e-06,0,9.92757e-06,-1.11294e-15,9.92757e-06,-1.11294e-15
-90.6,1.02087e-05,0,1.02087e-05,-1.2102e-15,1.02087e-05,-1.2102e-15
-90.5,1.04975e-05,0,1.04975e-05,-1.31584e-15,1.04975e-05,-1.31584e-15
-90.4,1.07941e-05,0,1.07941e-05,-1.43056e-15,1.07941e-05,-1.43056e-15
-90.3,1.10988e-05,0,1.10988e-05,-1.55514e-15,1.10988e-05,-1.55514e-15
-90.2,1.14117e-05,0,1.14117e-05,-1.69041e-15,1.14117e-05,-1.69041e-15
-90.1,1.17331e-05,0,1.17331e-05,-1.83729e-15,1.17331e-05,-1.83729e-15
-90,1.20631e-05,0,1.20631e-05,-1.99674e-15,1.20631e-05,-1.99674e-15
-89.9,1.24021e-05,0,1.24021e-05,-2.16983e-15,1.24021e-05,-2.16983e-15
-89.8,1.27502e-05,0,1.27502e-05,-2.3577e-15,1.27502e-05,-2.3577e-15
-89.7,1.31076e-05,0,1.31076e-05,-2.56159e-15,1.31076e-05,-2.56159e-15
-89.6,1.34747e-05,0,1.34747e-05,-2.78288e-15,1.34747e-05,-2.78288e-15
-89.5,1.38516e-05,0,1.38516e-05,-3.023e-15,1.38516e-05,-3.023e-15
-89.4,1.42386e-05,0,1.42386e-05,-3.28353e-15,1.42386e-05,-3.28353e-15
-89.3,1.46359e-05,0,1.46359e-05,-3.56618e-15,1.46359e-05,-3.56618e-15
-89.2,1.50439e-05,0,1.50439e-05,-3.87278e-15,1.50439e-05,-3.87278e-15
-89.1,1.54628e-05,0,1.54628e-05,-4.20541e-15,1.54628e-05,-4.20541e-15
-89,1.58929e-05,0,1.58929e-05,-4.56615e-15,1.58929e-05,-4.56615e-15
-88.9,1.63344e-05,0,1.63344e-05,-4.95738e-15,1.63344e-05,-4.95738e-15
-88.8,1.67877e-05,0,1.67877e-05,-5.38164e-15,1.67877e-05,-5.38164e-15
-88.7,1.7253e-05,0,1.7253e-05,-5.84166e-15,1.7253e-05,-5.84166e-15
-88.6,1.77307e-05,0,1.77307e-05,-6.34042e-15,1.77307e-05,-6.34042e-15
-88.5,1.8221e-05,0,1.8221e-05,-6.88113e-15,1.8221e-05,-6.88113e-15
-88.4,1.87243e-05,0,1.87243e-05,-7.46725e-15,1.87243e-05,-7.46725e-15
-88.3,1.9241e-05,0,1.9241e-05,-8.10256e-15,1.9241e-05,-8.10256e-15
-88.2,1.97712e-05,0,1.97712e-05,-8.7911e-15,1.97712e-05,-8.7911e-15
-88.1,2.03155e-05,0,2.03155e-05,-9.53728e-15,2.03155e-05,-9.53728e-15
-88,2.08741e-05,0,2.08741e-05,-1.03458e-14,2.08741e-05,-1.03458e-14
-87.9,2.14474e-05,0,2.14474e-05,-1.12219e-14,2.14474e-05,-1.12219e-14
-87.8,2.20358e-05,0,2.20358e-05,-1.2171e-14,2.20358e-05,-1.2171e-14
-87.7,2.26396e-05,0,2.26396e-05,-1.31992e-14,2.26396e-05,-1.31992e-14
-87.6,2.32593e-05,0,2.32593e-05,-1.4313e-14,2.32593e-05,-1.4313e-14
-87.5,2.38951e-05,0,2.38951e-05,-1.55191e-14,2.38951e-05,-1.55191e-14
-87.4,2.45476e-05,0,2.45476e-05,-1.68255e-14,2.45476e-05,-1.68255e-14
-87.3,2.52171e-05,0,2.52171e-05,-1.82401e-14,2.52171e-05,-1.82401e-14
-87.2,2.59041e-05,0,2.59041e-05,-1.97719e-14,2.59041e-05,-1.97719e-14
-87.1,2.66091e-05,0,2.66091e-05,-2.14304e-14,2.66091e-05,-2.14304e-14
-87,2.73322e-05,0,2.73322e-05,-2.32256e-14,2.73322e-05,-2.32256e-14
-86.9,2.80743e-05,0,2.80743e-05,-2.5169e-14,2.80743e-05,-2.5169e-14
-86.8,2.88355e-05,0,2.88355e-05,-2.72725e-14,2.88355e-05,-2.72725e-14
-86.7,2.96165e-05,0,2.96165e-05,-2.95491e-14,2.96165e-05,-2.95491e-14
-86.6,3.04178e-05,0,3.04178e-05,-3.2013e-14,3.04178e-05,-3.2013e-14
-86.5,3.12397e-05,0,3.12397e-05,-3.46786e-14,3.12397e-05,-3.46786e-14
-86.4,3.20829e-05,0,3.20829e-05,-3.7563e-14,3.20829e-05,-3.7563e-14
-86.3,3.29478e-05,0,3.29478e-05,-4.06836e-14,3.29478e-05,-4.06836e-14
-86.2,3.3835e-05,0,3.3835e-05,-4.40596e-14,3.3835e-05,-4.40596e-14
-86.1,3.4745e-05,0,3.4745e-05,-4.7711e-14,3.4745e-05,-4.7711e-14
-86,3.56784e-05,0,3.56784e-05,-5.16603e-14,3.56784e-05,-5.16603e-14
-85.9,3.66356e-05,0,3.66356e-05,-5.5931e-14,3.66356e-05,-5.5931e-14
-85.8,3.76175e-05,0,3.76175e-05,-6.05494e-14,3.76175e-05,-6.05494e-14
-85.7,3.86245e-05,0,3.86245e-05,-6.55436e-14,3.86245e-05,-6.55436e-14
-85.6,3.96572e-05,0,3.96572e-05,-7.09427e-14,3.96572e-05,-7.09427e-14
-85.5,4.07163e-05,0,4.07163e-05,-7.67795e-14,4.07163e-05,-7.67795e-14
-85.4,4.18023e-05,0,4.18023e-05,-8.30884e-14,4.18023e-05,-8.30884e-14
-85.3,4.2916e-05,0,4.2916e-05,-8.99078e-14,4.2916e-05,-8.99078e-14
-85.2,4.4058e-05,0,4.4058e-05,-9.72785e-14,4.4058e-05,-9.72785e-14
-85.1,4.52291e-05,0,4.52291e-05,-1.05243e-13,4.52291e-05,-1.05243e-13
-85,4.64298e-05,0,4.64298e-05,-1.13849e-13,4.64298e-05,-1.13849e-13
-84.9,4.76608e-05,0,4.76608e-05,-1.23147e-13,4.76608e-05,-1.23147e-13
-84.8,4.8923e-05,0,4.8923e-05,-1.33193e-13,4.8923e-05,-1.33193e-13
-84.7,5.02173e-05,0,5.02173e-05,-1.44046e-13,5.02173e-05,-1.44046e-13
-84.6,5.1544e-05,0,5.1544e-05,-1.55767e-13,5.1544e-05,-1.55767e-13
-84.5,5.29042e-05,0,5.29042e-05,-1.68427e-13,5.29042e-05,-1.68427e-13
-84.4,5.42987e-05,0,5.42987e-05,-1.82099e-13,5.42986e-05,-1.82099e-13
-84.3,5.5728e-05,0,5.5728e-05,-1.96862e-13,5.5728e-05,-1.96862e-13
-84.2,5.71934e-05,0,5.71934e-05,-2.12804e-13,5.71934e-05,-2.12804e-13
-84.1,5.86955e-05,0,5.86955e-05,-2.30015e-13,5.86955e-05,-2.30015e-13
-84,6.02351e-05,0,6.02351e-05,-2.48594e-13,6.02351e-05,-2.48594e-13
-83.9,6.18133e-05,0,6.18133e-05,-2.68649e-13,6.18132e-05,-2.68649e-13
-83.8,6.34306e-05,0,6.34306e-05,-2.90294e-13,6.34306e-05,-2.90294e-13
-83.7,6.50886e-05,0,6.50886e-05,-3.13658e-13,6.50886e-05,-3.13658e-13
-83.6,6.67877e-05,0,6.67877e-05,-3.38868e-13,6.67877e-05,-3.38868e-13
-83.5,6.85291e-05,0,6.85291e-05,-3.66071e-13,6.85291e-05,-3.66071e-13
-83.4,7.03137e-05,0,7.03137e-05,-3.95421e-13,7.03137e-05,-3.95421e-13
-83.3,7.21424e-05,0,7.21424e-05,-4.27083e-13,7.21424e-05,-4.27083e-13
-83.2,7.40166e-05,0,7.40166e-05,-4.61242e-13,7.40166e-05,-4.61242e-13
-83.1,7.59371e-05,0,7.59371e-05,-4.98085e-13,7.59371e-05,-4.98085e-13
-83,7.7905e-05,0,7.7905e-05,-5.3782e-13,7.7905e-05,-5.3782e-13
-82.9,7.99214e-05,0,7.99214e-05,-5.80672e-13,7.99214e-05,-5.80672e-13
-82.8,8.19875e-05,0,8.19875e-05,-6.2688e-13,8.19875e-05,-6.2688e-13
-82.7,8.41045e-05,0,8.41045e-05,-6.76703e-13,8.41045e-05,-6.76703e-13
-82.6,8.62734e-05,0,8.62734e-05,-7.30419e-13,8.62734e-05,-7.30419e-13
-82.5,8.84955e-05,0,8.84955e-05,-7.88325e-13,8.84955e-05,-7.88325e-13
-82.4,9.07721e-05,0,9.07721e-05,-8.50743e-13,9.07721e-05,-8.50743e-13
-82.3,9.31044e-05,0,9.31044e-05,-9.18018e-13,9.31044e-05,-9.18018e-13
-82.2,9.54936e-05,0,9.54936e-05,-9.90522e-13,9.54936e-05,-9.90522e-13
-82.1,9.79412e-05,0,9.79412e-05,-1.06865e-12,9.79412e-05,-1.06865e-12
-82,0.000100448,0,0.000100448,-1.15284e-12,0.000100448,-1.15284e-12
-81.9,0.000103017,0,0.000103017,-1.24355e-12,0.000103017,-1.24355e-12
-81.8,0.000105647,0,0.000105647,-1.34127e-12,0.000105647,-1.34127e-12
-81.7,0.000108342,0,0.000108342,-1.44654e-12,0.000108342,-1.44654e-12
-81.6,0.000111101,0,0.000111101,-1.55991e-12,0.000111101,-1.55991e-12
-81.5,0.000113928,0,0.000113928,-1.68202e-12,0.000113928,-1.68202e-12
-81.4,0.000116823,0,0.000116823,-1.81352e-12,0.000116823,-1.81352e-12
-81.3,0.000119787,0,0.000119787,-1.95512e-12,0.000119787,-1.95512e-12
-81.2,0.000122824,0,0.000122824,-2.1076e-12,0.000122824,-2.1076e-12
-81.1,0.000125933,0,0.000125933,-2.27173e-12,0.000125933,-2.27173e-12
-81,0.000129117,0,0.000129117,-2.44844e-12,0.000129117,-2.44844e-12
-80.9,0.000132377,0,0.000132377,-2.63864e-12,0.000132377,-2.63864e-12
-80.8,0.000135716,0,0.000135716,-2.84335e-12,0.000135716,-2.84335e-12
-80.7,0.000139134,0,0.000139134,-3.06368e-12,0.000139134,-3.06368e-12
-80.6,0.000142634,0,0.000142634,-3.30075e-12,0.000142634,-3.30075e-12
-80.5,0.000146218,0,0.000146218,-3.55585e-12,0.000146218,-3.55585e-12
-80.4,0.000149887,0,0.000149887,-3.83031e-12,0.000149887,-3.83031e-12
-80.3,0.000153644,0,0.000153644,-4.12557e-12,0.000153644,-4.12557e-12
-80.2,0.00015749,0,0.00015749,-4.4432e-12,0.00015749,-4.4432e-12
-80.1,0.000161427,0,0.000161427,-4.78483e-12,0.000161427,-4.78483e-12
-80,0.000165457,0,0.000165457,-5.15221e-12,0.000165457,-5.15221e-12
-79.9,0.000169582,0,0.000169582,-5.54733e-12,0.000169582,-5.54733e-12
-79.8,0.000173806,0,0.000173806,-5.97219e-12,0.000173806,-5.97219e-12
-79.7,0.000178129,0,0.000178129,-6.42902e-12,0.000178129,-6.42903e-12
-79.6,0.000182554,0,0.000182554,-6.92013e-12,0.000182554,-6.92013e-12
-79.5,0.000187083,0,0.000187083,-7.44803e-12,0.000187083,-7.44803e-12
-79.4,0.000191718,0,0.000191718,-8.0155e-12,0.000191718,-8.0155e-12
-79.3,0.000196462,0,0.000196462,-8.6254e-12,0.000196462,-8.6254e-12
-79.2,0.000201318,0,0.000201318,-9.28091e-12,0.000201318,-9.28091e-12
-79.1,0.000206287,0,0.000206287,-9.98526e-12,0.000206287,-9.98526e-12
-79,0.000211372,0,0.000211372,-1.0742e-11,0.000211372,-1.0742e-11
-78.9,0.000216576,0,0.000216576,-1.15551e-11,0.000216576,-1.15551e-11
-78.8,0.000221902,0,0.000221902,-1.24286e-11,0.000221902,-1.24286e-11
-78.7,0.000227351,0,0.000227351,-1.3367e-11,0.000227351,-1.3367e-11
-78.6,0.000232927,0,0.000232927,-1.43748e-11,0.000232927,-1.43748e-11
-78.5,0.000238632,0,0.000238632,-1.54571e-11,0.000238632,-1.54571e-11
-78.4,0.000244469,0,0.000244469,-1.66193e-11,0.000244469,-1.66193e-11
-78.3,0.000250442,0,0.000250442,-1.78674e-11,0.000250442,-1.78674e-11
-78.2,0.000256553,0,0.000256553,-1.92075e-11,0.000256553,-1.92075e-11
-78.1,0.000262804,0,0.000262804,-2.06461e-11,0.000262804,-2.06461e-11
-78,0.0002692,0,0.0002692,-2.21904e-11,0.0002692,-2.21904e-11
-77.9,0.000275742,0,0.000275742,-2.38479e-11,0.000275742,-2.38479e-11
-77.8,0.000282435,0,0.000282435,-2.5627e-11,0.000282435,-2.5627e-11
-77.7,0.000289282,0,0.000289282,-2.75363e-11,0.000289282,-2.75363e-11
-77.6,0.000296286,0,0.000296286,-2.95851e-11,0.000296286,-2.95851e-11
-77.5,0.000303449,0,0.000303449,-3.17833e-11,0.000303449,-3.17833e-11
-77.4,0.000310776,0,0.000310776,-3.41416e-11,0.000310776,-3.41416e-11
-77.3,0.00031827,0,0.00031827,-3.66716e-11,0.00031827,-3.66716e-11
-77.2,0.000325936,0,0.000325936,-3.93856e-11,0.000325936,-3.93856e-11
-77.1,0.000333775,0,0.000333775,-4.22964e-11,0.000333775,-4.22964e-11
-77,0.000341793,0,0.000341793,-4.54182e-11,0.000341793,-4.54182e-11
-76.9,0.000349992,0,0.000349992,-4.87658e-11,0.000349992,-4.87658e-11
-76.8,0.000358376,0,0.000358376,-5.2355e-11,0.000358376,-5.2355e-11
-76.7,0.000366951,0,0.000366951,-5.62038e-11,0.000366951,-5.62038e-11
-76.6,0.000375719,0,0.000375719,-6.03297e-11,0.000375719,-6.03297e-11
-76.5,0.000384685,0,0.000384685,-6.47525e-11,0.000384685,-6.47525e-11
-76.4,0.000393852,0,0.000393852,-6.9493e-11,0.000393852,-6.9493e-11
-76.3,0.000403225,0,0.000403225,-7.45734e-11,0.000403225,-7.45734e-11
-76.2,0.00041281,0,0.00041281,-8.00186e-11,0.00041281,-8.00186e-11
-76.1,0.000422608,0,0.000422608,-8.5853e-11,0.000422608,-8.5853e-11
-76,0.000432626,0,0.000432626,-9.21043e-11,0.000432626,-9.21043e-11
-75.9,0.000442868,0,0.000442868,-9.88016e-11,0.000442868,-9.88016e-11
-75.8,0.000453337,0,0.000453337,-1.05976e-10,0.000453337,-1.05976e-10
-75.7,0.000464042,0,0.000464042,-1.13661e-10,0.000464042,-1.13661e-10
-75.6,0.000474983,0,0.000474983,-1.21892e-10,0.000474983,-1.21892e-10
-75.5,0.000486168,0,0.000486168,-1.30707e-10,0.000486168,-1.30707e-10
-75.4,0.0004976,0,0.0004976,-1.40147e-10,0.0004976,-1.40147e-10
-75.3,0.000509286,0,0.000509286,-1.50254e-10,0.000509286,-1.50254e-10
-75.2,0.00052123,0,0.00052123,-1.61076e-10,0.00052123,-1.61076e-10
-75.1,0.000533438,0,0.000533438,-1.72661e-10,0.000533438,-1.72661e-10
-75,0.000545915,0,0.000545915,-1.85062e-10,0.000545915,-1.85062e-10
-74.9,0.000558667,0,0.000558667,-1.98335e-10,0.000558667,-1.98335e-10
-74.8,0.000571698,0,0.000571698,-2.12541e-10,0.000571698,-2.12541e-10
-74.7,0.000585016,0,0.000585016,-2.27743e-10,0.000585016,-2.27743e-10
-74.6,0.000598626,0,0.000598626,-2.4401e-10,0.000598626,-2.4401e-10
-74.5,0.000612533,0,0.000612533,-2.61414e-10,0.000612533,-2.61414e-10
-74.4,0.000626744,0,0.000626744,-2.80035e-10,0.000626744,-2.80035e-10
-74.3,0.000641265,0,0.000641265,-2.99953e-10,0.000641265,-2.99953e-10
-74.2,0.000656103,0,0.000656103,-3.21261e-10,0.000656103,-3.21261e-10
-74.1,0.000671262,0,0.000671262,-3.44047e-10,0.000671262,-3.44047e-10
-74,0.000686751,0,0.000686751,-3.68417e-10,0.000686751,-3.68417e-10
-73.9,0.000702576,0,0.000702576,-3.94476e-10,0.000702576,-3.94476e-10
-73.8,0.000718743,0,0.000718743,-4.2234e-10,0.000718743,-4.2234e-10
-73.7,0.000735261,0,0.000735261,-4.52132e-10,0.000735261,-4.52132e-10
-73.6,0.000752133,0,0.000752133,-4.83977e-10,0.000752133,-4.83977e-10
-73.5,0.000769369,0,0.000769369,-5.18019e-10,0.000769369,-5.18019e-10
-73.4,0.000786976,0,0.000786976,-5.54404e-10,0.000786976,-5.54404e-10
-73.3,0.000804962,0,0.000804962,-5.9329e-10,0.000804962,-5.9329e-10
-73.2,0.000823334,0,0.000823334,-6.34848e-10,0.000823334,-6.34848e-10
-73.1,0.000842097,0,0.000842097,-6.79247e-10,0.000842097,-6.79247e-10
-73,0.000861263,0,0.000861263,-7.26689e-10,0.000861263,-7.26689e-10
-72.9,0.000880837,0,0.000880837,-7.77371e-10,0.000880837,-7.77371e-10
-72.8,0.000900829,0,0.000900829,-8.31512e-10,0.000900829,-8.31512e-10
-72.7,0.000921248,0,0.000921248,-8.89345e-10,0.000921248,-8.89345e-10
-72.6,0.000942099,0,0.000942099,-9.51109e-10,0.000942099,-9.51109e-10
-72.5,0.00096339,0,0.00096339,-1.01706e-09,0.00096339,-1.01706e-09
-72.4,0.000985134,0,0.000985134,-1.08749e-09,0.000985134,-1.08749e-09
-72.3,0.00100734,0,0.00100734,-1.1627e-09,0.00100734,-1.1627e-09
-72.2,0.00103001,0,0.00103001,-1.24299e-09,0.00103001,-1.24299e-09
-72.1,0.00105316,0,0.00105316,-1.3287e-09,0.00105316,-1.3287e-09
-72,0.0010768,0,0.0010768,-1.42018e-09,0.0010768,-1.42018e-09
-71.9,0.00110093,0,0.00110093,-1.51783e-09,0.00110093,-1.51783e-09
-71.8,0.00112557,0,0.00112557,-1.62204e-09,0.00112557,-1.62204e-09
-71.7,0.00115073,0,0.00115073,-1.73325e-09,0.00115073,-1.73325e-09
-71.6,0.00117641,0,0.00117641,-1.85191e-09,0.00117641,-1.85191e-09
-71.5,0.00120263,0,0.00120263,-1.9785e-09,0.00120263,-1.9785e-09
-71.4,0.00122939,0,0.00122939,-2.11356e-09,0.00122939,-2.11356e-09
-71.3,0.00125672,0,0.00125672,-2.25763e-09,0.00125672,-2.25763e-09
-71.2,0.00128461,0,0.00128461,-2.41131e-09,0.00128461,-2.41131e-09
-71.1,0.00131308,0,0.00131308,-2.57519e-09,0.00131308,-2.57519e-09
-71,0.00134213,0,0.00134213,-2.74997e-09,0.00134213,-2.74997e-09
-70.9,0.00137179,0,0.00137179,-2.93632e-09,0.00137179,-2.93632e-09
-70.8,0.00140206,0,0.00140206,-3.13502e-09,0.00140206,-3.13502e-09
-70.7,0.00143296,0,0.00143296,-3.34687e-09,0.00143296,-3.34687e-09
-70.6,0.00146449,0,0.00146449,-3.5727e-09,0.00146449,-3.5727e-09
-70.5,0.00149666,0,0.00149666,-3.81341e-09,0.00149666,-3.81341e-09
-70.4,0.0015295,0,0.0015295,-4.06994e-09,0.0015295,-4.06994e-09
-70.3,0.00156301,0,0.00156301,-4.34335e-09,0.00156301,-4.34335e-09
-70.2,0.0015972,0,0.0015972,-4.63471e-09,0.0015972,-4.63471e-09
-70.1,0.00163209,0,0.00163209,-4.94512e-09,0.00163209,-4.94512e-09
-70,0.0016677,0,0.0016677,-5.27588e-09,0.0016677,-5.27589e-09
-69.9,0.00170403,0,0.00170403,-5.6282e-09,0.00170403,-5.6282e-09
-69.8,0.00174109,0,0.00174109,-6.00351e-09,0.00174109,-6.00351e-09
-69.7,0.00177891,0,0.00177891,-6.40329e-09,0.00177891,-6.40329e-09
-69.6,0.00181749,0,0.00181749,-6.82899e-09,0.00181749,-6.82899e-09
-69.5,0.00185685,0,0.00185685,-7.28239e-09,0.00185685,-7.28239e-09
-69.4,0.00189701,0,0.00189701,-7.76514e-09,0.00189701,-7.76514e-09
-69.3,0.00193797,0,0.00193797,-8.27909e-09,0.00193797,-8.27909e-09
-69.2,0.00197976,0,0.00197976,-8.82632e-09,0.00197976,-8.82632e-09
-69.1,0.00202239,0,0.00202239,-9.40877e-09,0.00202239,-9.40877e-09
-69,0.00206587,0,0.00206587,-1.00288e-08,0.00206587,-1.00288e-08
-68.9,0.00211022,0,0.00211022,-1.06887e-08,0.00211022,-1.06887e-08
-68.8,0.00215545,0,0.00215545,-1.13909e-08,0.00215545,-1.13909e-08
-68.7,0.00220159,0,0.00220159,-1.21382e-08,0.00220159,-1.21382e-08
-68.6,0.00224865,0,0.00224865,-1.29332e-08,0.00224865,-1.29332e-08
-68.5,0.00229664,0,0.00229664,-1.37791e-08,0.00229664,-1.37791e-08
-68.4,0.00234559,0,0.00234559,-1.4679e-08,0.00234559,-1.4679e-08
-68.3,0.0023955,0,0.0023955,-1.56361e-08,0.0023955,-1.56361e-08
-68.2,0.0024464,0,0.0024464,-1.66542e-08,0.0024464,-1.66542e-08
-68.1,0.0024983,0,0.0024983,-1.77368e-08,0.0024983,-1.77368e-08
-68,0.00255123,0,0.00255123,-1.88882e-08,0.00255123,-1.88882e-08
-67.9,0.0026052,0,0.0026052,-2.01124e-08,0.0026052,-2.01124e-08
-67.8,0.00266023,0,0.00266023,-2.14139e-08,0.00266023,-2.14139e-08
-67.7,0.00271633,0,0.00271633,-2.27976e-08,0.00271633,-2.27976e-08
-67.6,0.00277353,0,0.00277353,-2.42684e-08,0.00277353,-2.42684e-08
-67.5,0.00283186,0,0.00283186,-2.58318e-08,0.00283186,-2.58318e-08
-67.4,0.00289132,0,0.00289132,-2.74934e-08,0.00289132,-2.74934e-08
-67.3,0.00295193,0,0.00295193,-2.9259e-08,0.00295193,-2.9259e-08
-67.2,0.00301373,0,0.00301373,-3.11353e-08,0.00301373,-3.11353e-08
-67.1,0.00307671,0,0.00307671,-3.31286e-08,0.00307671,-3.31286e-08
-67,0.00314093,0,0.00314093,-3.52466e-08,0.00314093,-3.52466e-08
-66.9,0.00320639,0,0.00320639,-3.74963e-08,0.00320639,-3.74963e-08
-66.8,0.0032731,0,0.0032731,-3.9886e-08,0.0032731,-3.9886e-08
-66.7,0.00334111,0,0.00334111,-4.24242e-08,0.00334111,-4.24242e-08
-66.6,0.00341041,0,0.00341041,-4.51192e-08,0.00341041,-4.51192e-08
-66.5,0.00348106,0,0.00348106,-4.79816e-08,0.00348106,-4.79816e-08
-66.4,0.00355305,0,0.00355305,-5.10207e-08,0.00355305,-5.10207e-08
-66.3,0.00362643,0,0.00362643,-5.42472e-08,0.00362643,-5.42472e-08
-66.2,0.0037012,0,0.0037012,-5.76727e-08,0.0037012,-5.76727e-08
-66.1,0.00377739,0,0.00377739,-6.1308e-08,0.00377739,-6.1308e-08
-66,0.00385505,0,0.00385505,-6.51673e-08,0.00385505,-6.51673e-08
-65.9,0.00393417,0,0.00393417,-6.92628e-08,0.00393417,-6.92628e-08
-65.8,0.00401479,0,0.00401479,-7.3609e-08,0.00401479,-7.3609e-08
-65.7,0.00409695,0,0.00409695,-7.82209e-08,0.00409695,-7.82209e-08
-65.6,0.00418064,0,0.00418064,-8.3113e-08,0.00418064,-8.3113e-08
-65.5,0.00426593,0,0.00426593,-8.83041e-08,0.00426593,-8.83041e-08
-65.4,0.00435281,0,0.00435281,-9.38104e-08,0.00435281,-9.38104e-08
-65.3,0.00444133,0,0.00444133,-9.96508e-08,0.00444133,-9.96508e-08
-65.2,0.00453152,0,0.00453152,-1.05845e-07,0.00453152,-1.05845e-07
-65.1,0.00462337,0,0.00462337,-1.12413e-07,0.00462337,-1.12413e-07
-65,0.00471696,0,0.00471696,-1.19379e-07,0.00471696,-1.19379e-07
-64.9,0.0048123,0,0.0048123,-1.26765e-07,0.0048123,-1.26765e-07
-64.8,0.0049094,0,0.0049094,-1.34594e-07,0.0049094,-1.34594e-07
-64.7,0.00500832,0,0.00500832,-1.42895e-07,0.00500832,-1.42895e-07
-64.6,0.00510906,0,0.00510906,-1.51693e-07,0.00510906,-1.51693e-07
-64.5,0.00521168,0,0.00521168,-1.61018e-07,0.00521168,-1.61018e-07
-64.4,0.00531619,0,0.00531619,-1.709e-07,0.00531619,-1.709e-07
-64.3,0.00542263,0,0.00542263,-1.81372e-07,0.00542263,-1.81372e-07
-64.2,0.00553104,0,0.00553104,-1.92469e-07,0.00553103,-1.92469e-07
-64.1,0.00564142,0,0.00564142,-2.04224e-07,0.00564142,-2.04224e-07
-64,0.00575384,0,0.00575384,-2.16678e-07,0.00575384,-2.16678e-07
-63.9,0.00586832,0,0.00586832,-2.2987e-07,0.00586832,-2.2987e-07
-63.8,0.0059849,0,0.0059849,-2.43844e-07,0.0059849,-2.43844e-07
-63.7,0.00610359,0,0.00610359,-2.58641e-07,0.00610359,-2.58641e-07
-63.6,0.00622445,0,0.00622445,-2.74312e-07,0.00622445,-2.74312e-07
-63.5,0.00634752,0,0.00634752,-2.90907e-07,0.00634752,-2.90907e-07
-63.4,0.00647281,0,0.00647281,-3.08475e-07,0.00647281,-3.08475e-07
-63.3,0.00660038,0,0.00660038,-3.27076e-07,0.00660038,-3.27076e-07
-63.2,0.00673024,0,0.00673024,-3.46763e-07,0.00673024,-3.46763e-07
-63.1,0.00686246,0,0.00686246,-3.67604e-07,0.00686246,-3.67604e-07
-63,0.00699706,0,0.00699706,-3.89662e-07,0.00699706,-3.89662e-07
-62.9,0.00713407,0,0.00713407,-4.13003e-07,0.00713407,-4.13003e-07
-62.8,0.00727355,0,0.00727355,-4.37704e-07,0.00727355,-4.37704e-07
-62.7,0.00741553,0,0.00741553,-4.63839e-07,0.00741553,-4.63839e-07
-62.6,0.00756003,0,0.00756003,-4.91486e-07,0.00756003,-4.91486e-07
-62.5,0.00770713,0,0.00770713,-5.20738e-07,0.00770713,-5.20738e-07
-62.4,0.00785683,0,0.00785683,-5.51675e-07,0.00785683,-5.51675e-07
-62.3,0.00800921,0,0.00800921,-5.844e-07,0.00800921,-5.844e-07
-62.2,0.00816429,0,0.00816429,-6.19007e-07,0.00816429,-6.19007e-07
-62.1,0.0083221,0,0.0083221,-6.55601e-07,0.0083221,-6.55601e-07
-62,0.00848272,0,0.00848272,-6.94299e-07,0.00848272,-6.94299e-07
-61.9,0.00864616,0,0.00864616,-7.3521e-07,0.00864616,-7.3521e-07
-61.8,0.00881248,0,0.00881248,-7.7846e-07,0.00881248,-7.7846e-07
-61.7,0.00898173,0,0.00898173,-8.24178e-07,0.00898173,-8.24178e-07
-61.6,0.00915393,0,0.00915393,-8.72497e-07,0.00915393,-8.72497e-07
-61.5,0.00932917,0,0.00932917,-9.23571e-07,0.00932917,-9.23571e-07
-61.4,0.00950746,0,0.00950746,-9.7754e-07,0.00950746,-9.7754e-07
-61.3,0.00968886,0,0.00968886,-1.03457e-06,0.00968886,-1.03457e-06
-61.2,0.00987341,0,0.00987341,-1.09482e-06,0.00987341,-1.09482e-06
-61.1,0.0100612,0,0.0100612,-1.15848e-06,0.0100612,-1.15848e-06
-61,0.0102522,0,0.0102522,-1.22572e-06,0.0102522,-1.22572e-06
-60.9,0.0104465,0,0.0104465,-1.29674e-06,0.0104465,-1.29674e-06
-60.8,0.0106442,0,0.0106442,-1.37176e-06,0.0106442,-1.37176e-06
-60.7,0.0108453,0,0.0108453,-1.45098e-06,0.0108453,-1.45098e-06
-60.6,0.0110498,0,0.0110498,-1.53463e-06,0.0110498,-1.53463e-06
-60.5,0.0112579,0,0.0112579,-1.62296e-06,0.0112579,-1.62296e-06
-60.4,0.0114695,0,0.0114695,-1.71621e-06,0.0114695,-1.71621e-06
-60.3,0.0116847,0,0.0116847,-1.81465e-06,0.0116847,-1.81465e-06
-60.2,0.0119036,0,0.0119036,-1.91856e-06,0.0119036,-1.91856e-06
-60.1,0.0121262,0,0.0121262,-2.02824e-06,0.0121262,-2.02824e-06
-60,0.0123526,0,0.0123526,-2.14398e-06,0.0123526,-2.14398e-06
-59.9,0.0125829,0,0.0125829,-2.26612e-06,0.0125829,-2.26612e-06
-59.8,0.0128171,0,0.0128171,-2.395e-06,0.0128171,-2.395e-06
-59.7,0.0130552,0,0.0130552,-2.53097e-06,0.0130552,-2.53097e-06
-59.6,0.0132973,0,0.0132973,-2.67442e-06,0.0132973,-2.67442e-06
-59.5,0.0135435,0,0.0135435,-2.82574e-06,0.0135435,-2.82574e-06
-59.4,0.0137938,0,0.0137938,-2.98533e-06,0.0137938,-2.98533e-06
-59.3,0.0140483,0,0.0140483,-3.15366e-06,0.0140483,-3.15366e-06
-59.2,0.0143071,0,0.0143071,-3.33116e-06,0.0143071,-3.33116e-06
-59.1,0.0145702,0,0.0145702,-3.51833e-06,0.0145702,-3.51833e-06
-59,0.0148377,0,0.0148377,-3.71568e-06,0.0148377,-3.71568e-06
-58.9,0.0151096,0,0.0151096,-3.92373e-06,0.0151096,-3.92373e-06
-58.8,0.015386,0,0.015386,-4.14306e-06,0.015386,-4.14306e-06
-58.7,0.015667,0,0.015667,-4.37422e-06,0.015667,-4.37422e-06
-58.6,0.0159527,0,0.0159527,-4.61786e-06,0.0159527,-4.61786e-06
-58.5,0.016243,0,0.016243,-4.87463e-06,0.016243,-4.87463e-06
-58.4,0.0165381,0,0.0165381,-5.14519e-06,0.0165381,-5.14519e-06
-58.3,0.0168381,0,0.0168381,-5.43029e-06,0.0168381,-5.43029e-06
-58.2,0.017143,0,0.017143,-5.73062e-06,0.017143,-5.73062e-06
-58.1,0.0174529,0,0.0174529,-6.04702e-06,0.0174529,-6.04702e-06
-58,0.0177678,0,0.0177678,-6.38032e-06,0.0177678,-6.38032e-06
-57.9,0.0180878,0,0.0180878,-6.73133e-06,0.0180878,-6.73133e-06
-57.8,0.0184131,0,0.0184131,-7.10103e-06,0.0184131,-7.10103e-06
-57.7,0.0187436,0,0.0187436,-7.49031e-06,0.0187436,-7.49031e-06
-57.6,0.0190795,0,0.0190794,-7.90021e-06,0.0190794,-7.90021e-06
-57.5,0.0194207,0,0.0194207,-8.3318e-06,0.0194207,-8.3318e-06
-57.4,0.0197675,0,0.0197675,-8.78611e-06,0.0197675,-8.78611e-06
-57.3,0.0201199,0,0.0201199,-9.26438e-06,0.0201199,-9.26438e-06
-57.2,0.0204779,0,0.0204779,-9.76776e-06,0.0204779,-9.76776e-06
-57.1,0.0208416,0,0.0208416,-1.02975e-05,0.0208416,-1.02975e-05
-57,0.0212111,0,0.0212111,-1.0855e-05,0.0212111,-1.0855e-05
-56.9,0.0215865,0,0.0215865,-1.14417e-05,0.0215865,-1.14417e-05
-56.8,0.0219679,0,0.0219679,-1.20589e-05,0.0219679,-1.20589e-05
-56.7,0.0223554,0,0.0223553,-1.27083e-05,0.0223553,-1.27083e-05
-56.6,0.0227489,0,0.0227489,-1.33913e-05,0.0227489,-1.33913e-05
-56.5,0.0231487,0,0.0231487,-1.41098e-05,0.0231487,-1.41098e-05
-56.4,0.0235548,0,0.0235548,-1.48655e-05,0.0235548,-1.48655e-05
-56.3,0.0239673,0,0.0239673,-1.56602e-05,0.0239672,-1.56602e-05
-56.2,0.0243862,0,0.0243862,-1.64958e-05,0.0243862,-1.64958e-05
-56.1,0.0248117,0,0.0248117,-1.73744e-05,0.0248117,-1.73744e-05
-56,0.0252438,0,0.0252438,-1.82982e-05,0.0252438,-1.82982e-05
-55.9,0.0256827,0,0.0256827,-1.92692e-05,0.0256827,-1.92692e-05
-55.8,0.0261284,0,0.0261284,-2.02899e-05,0.0261284,-2.02899e-05
-55.7,0.026581,0,0.026581,-2.13628e-05,0.026581,-2.13628e-05
-55.6,0.0270407,0,0.0270407,-2.24902e-05,0.0270407,-2.24902e-05
-55.5,0.0275074,0,0.0275074,-2.3675e-05,0.0275074,-2.3675e-05
-55.4,0.0279813,0,0.0279813,-2.49199e-05,0.0279813,-2.49199e-05
-55.3,0.0284625,0,0.0284625,-2.62278e-05,0.0284625,-2.62278e-05
-55.2,0.0289511,0,0.0289511,-2.76018e-05,0.0289511,-2.76018e-05
-55.1,0.0294472,0,0.0294472,-2.90452e-05,0.0294472,-2.90452e-05
-55,0.0299509,0,0.0299509,-3.05611e-05,0.0299508,-3.05611e-05
-54.9,0.0304622,0,0.0304622,-3.21532e-05,0.0304622,-3.21532e-05
-54.8,0.0309813,0,0.0309813,-3.38252e-05,0.0309813,-3.38252e-05
-54.7,0.0315083,0,0.0315083,-3.55808e-05,0.0315083,-3.55808e-05
-54.6,0.0320432,0,0.0320432,-3.7424e-05,0.0320432,-3.7424e-05
-54.5,0.0325863,0,0.0325862,-3.93591e-05,0.0325863,-3.93591e-05
-54.4,0.0331375,0,0.0331375,-4.13904e-05,0.0331375,-4.13904e-05
-54.3,0.033697,0,0.033697,-4.35226e-05,0.033697,-4.35226e-05
-54.2,0.0342649,0,0.0342649,-4.57603e-05,0.0342649,-4.57603e-05
-54.1,0.0348413,0,0.0348412,-4.81087e-05,0.0348412,-4.81087e-05
-54,0.0354263,0,0.0354263,-5.05729e-05,0.0354263,-5.05729e-05
-53.9,0.03602,0,0.0360199,-5.31584e-05,0.0360199,-5.31584e-05
-53.8,0.0366225,0,0.0366225,-5.5871e-05,0.0366225,-5.5871e-05
-53.7,0.037234,0,0.0372339,-5.87164e-05,0.0372339,-5.87164e-05
-53.6,0.0378545,0,0.0378544,-6.17011e-05,0.0378544,-6.17011e-05
-53.5,0.0384842,0,0.0384841,-6.48317e-05,0.0384841,-6.48317e-05
-53.4,0.0391231,0,0.039123,-6.81145e-05,0.039123,-6.81145e-05
-53.3,0.0397714,0,0.0397713,-7.15573e-05,0.0397713,-7.15573e-05
-53.2,0.0404292,0,0.0404291,-7.51669e-05,0.0404291,-7.51669e-05
-53.1,0.0410966,0,0.0410965,-7.89513e-05,0.0410965,-7.89513e-05
-53,0.0417738,0,0.0417737,-8.29187e-05,0.0417737,-8.29187e-05
-52.9,0.0424608,0,0.0424607,-8.70772e-05,0.0424607,-8.70772e-05
-52.8,0.0431578,0,0.0431577,-9.14361e-05,0.0431577,-9.14361e-05
-52.7,0.0438648,0,0.0438647,-9.60042e-05,0.0438647,-9.60042e-05
-52.6,0.0445821,0,0.044582,-0.000100791,0.044582,-0.000100791
-52.5,0.0453097,0,0.0453096,-0.000105807,0.0453096,-0.000105807
-52.4,0.0460478,0,0.0460476,-0.000111062,0.0460476,-0.000111062
-52.3,0.0467964,0,0.0467963,-0.000116568,0.0467963,-0.000116568
-52.2,0.0475558,0,0.0475556,-0.000122335,0.0475556,-0.000122335
-52.1,0.0483259,0,0.0483257,-0.000128375,0.0483257,-0.000128375
-52,0.0491071,0,0.0491069,-0.000134702,0.0491069,-0.000134702
-51.9,0.0498993,0,0.0498991,-0.000141327,0.0498991,-0.000141327
-51.8,0.0507028,0,0.0507026,-0.000148264,0.0507026,-0.000148264
-51.7,0.0515176,0,0.0515173,-0.000155527,0.0515173,-0.000155527
-51.6,0.0523439,0,0.0523436,-0.000163131,0.0523436,-0.000163131
-51.5,0.0531817,0,0.0531815,-0.000171091,0.0531815,-0.000171091
-51.4,0.0540314,0,0.0540311,-0.000179423,0.0540311,-0.000179423
-51.3,0.0548929,0,0.0548926,-0.000188144,0.0548926,-0.000188144
-51.2,0.0557665,0,0.0557661,-0.000197269,0.0557661,-0.000197269
-51.1,0.0566522,0,0.0566518,-0.000206819,0.0566518,-0.000206819
-51,0.0575502,0,0.0575498,-0.00021681,0.0575497,-0.00021681
-50.9,0.0584606,0,0.0584601,-0.000227263,0.0584601,-0.000227263
-50.8,0.0593836,0,0.0593831,-0.000238199,0.0593831,-0.000238199
-50.7,0.0603193,0,0.0603188,-0.000249637,0.0603188,-0.000249637
-50.6,0.0612679,0,0.0612673,-0.0002616,0.0612673,-0.0002616
-50.5,0.0622295,0,0.0622289,-0.000274112,0.0622289,-0.000274112
-50.4,0.0632042,0,0.0632035,-0.000287195,0.0632035,-0.000287195
-50.3,0.0641922,0,0.0641915,-0.000300875,0.0641915,-0.000300875
-50.2,0.0651936,0,0.0651929,-0.000315177,0.0651929,-0.000315177
-50.1,0.0662087,0,0.0662078,-0.000330129,0.0662078,-0.000330129
-50,0.0672374,0,0.0672366,-0.000345759,0.0672366,-0.000345759
-49.9,0.0682801,0,0.0682791,-0.000362093,0.0682791,-0.000362093
-49.8,0.0693368,0,0.0693357,-0.000379166,0.0693357,-0.000379166
-49.7,0.0704076,0,0.0704065,-0.000397007,0.0704065,-0.000397007
-49.6,0.0714928,0,0.0714916,-0.000415647,0.0714916,-0.000415648
-49.5,0.0725925,0,0.0725912,-0.000435125,0.0725912,-0.000435125
-49.4,0.0737068,0,0.0737054,-0.000455471,0.0737054,-0.000455471
-49.3,0.0748359,0,0.0748344,-0.000476726,0.0748344,-0.000476726
-49.2,0.07598,0,0.0759784,-0.000498926,0.0759784,-0.000498926
-49.1,0.0771392,0,0.0771374,-0.000522111,0.0771374,-0.000522111
-49,0.0783137,0,0.0783118,-0.000546325,0.0783118,-0.000546325
-48.9,0.0795036,0,0.0795016,-0.000571607,0.0795015,-0.000571607
-48.8,0.0807091,0,0.0807069,-0.000598005,0.0807069,-0.000598005
-48.7,0.0819304,0,0.081928,-0.000625564,0.081928,-0.000625564
-48.6,0.0831675,0,0.0831649,-0.000654331,0.0831649,-0.000654331
-48.5,0.0844208,0,0.084418,-0.00068436,0.084418,-0.00068436
-48.4,0.0856903,0,0.0856873,-0.000715699,0.0856873,-0.000715699
-48.3,0.0869762,0,0.0869729,-0.000748405,0.086973,-0.000748405
-48.2,0.0882787,0,0.0882752,-0.000782533,0.0882752,-0.000782533
-48.1,0.0895979,0,0.0895941,-0.000818141,0.0895941,-0.000818141
-48,0.090934,0,0.09093,-0.000855291,0.09093,-0.000855291
-47.9,0.0922872,0,0.0922829,-0.000894045,0.0922829,-0.000894045
-47.8,0.0936577,0,0.0936531,-0.000934468,0.0936531,-0.000934468
-47.7,0.0950456,0,0.0950406,-0.000976629,0.0950406,-0.000976629
-47.6,0.0964511,0,0.0964457,-0.0010206,0.0964457,-0.0010206
-47.5,0.0978744,0,0.0978686,-0.00106645,0.0978686,-0.00106645
-47.4,0.0993156,0,0.0993093,-0.00111425,0.0993093,-0.00111425
-47.3,0.100775,0,0.100768,-0.0011641,0.100768,-0.0011641
-47.2,0.102253,0,0.102245,-0.00121605,0.102245,-0.00121605
-47.1,0.103749,0,0.103741,-0.00127021,0.103741,-0.00127021
-47,0.105263,0,0.105255,-0.00132666,0.105255,-0.00132666
-46.9,0.106797,0,0.106788,-0.00138549,0.106788,-0.00138549
-46.8,0.10835,0,0.10834,-0.0014468,0.10834,-0.0014468
-46.7,0.109921,0,0.109911,-0.00151068,0.109911,-0.00151068
-46.6,0.111512,0,0.111501,-0.00157723,0.111501,-0.00157723
-46.5,0.113123,0,0.113111,-0.00164656,0.113111,-0.00164656
-46.4,0.114753,0,0.11474,-0.00171878,0.11474,-0.00171878
-46.3,0.116404,0,0.11639,-0.00179401,0.11639,-0.00179401
-46.2,0.118074,0,0.118059,-0.00187235,0.118059,-0.00187235
-46.1,0.119765,0,0.119749,-0.00195393,0.119749,-0.00195393
-46,0.121476,0,0.121459,-0.00203888,0.121459,-0.00203888
-45.9,0.123208,0,0.123189,-0.00212732,0.123189,-0.00212732
-45.8,0.12496,0,0.124941,-0.0022194,0.124941,-0.0022194
-45.7,0.126734,0,0.126713,-0.00231524,0.126713,-0.00231524
-45.6,0.128529,0,0.128506,-0.002415,0.128506,-0.002415
-45.5,0.130345,0,0.130321,-0.00251883,0.130321,-0.00251883
-45.4,0.132183,0,0.132157,-0.00262687,0.132157,-0.00262687
-45.3,0.134043,0,0.134015,-0.0027393,0.134015,-0.0027393
-45.2,0.135924,0,0.135894,-0.00285628,0.135894,-0.00285628
-45.1,0.137828,0,0.137796,-0.00297797,0.137796,-0.00297797
-45,0.139754,0,0.13972,-0.00310456,0.13972,-0.00310456
-44.9,0.141703,0,0.141666,-0.00323624,0.141666,-0.00323624
-44.8,0.143674,0,0.143635,-0.00337318,0.143635,-0.00337318
-44.7,0.145669,0,0.145626,-0.00351559,0.145626,-0.00351559
-44.6,0.147686,0,0.147641,-0.00366368,0.147641,-0.00366368
-44.5,0.149727,0,0.149679,-0.00381765,0.149679,-0.00381765
-44.4,0.151792,0,0.151739,-0.00397773,0.151739,-0.00397773
-44.3,0.15388,0,0.153824,-0.00414413,0.153824,-0.00414413
-44.2,0.155992,0,0.155932,-0.00431709,0.155932,-0.00431709
-44.1,0.158128,0,0.158064,-0.00449685,0.158064,-0.00449685
-44,0.160288,0,0.16022,-0.00468366,0.16022,-0.00468366
-43.9,0.162473,0,0.1624,-0.00487778,0.1624,-0.00487778
-43.8,0.164683,0,0.164605,-0.00507948,0.164605,-0.00507948
-43.7,0.166918,0,0.166834,-0.00528902,0.166834,-0.00528902
-43.6,0.169177,0,0.169088,-0.0055067,0.169088,-0.0055067
-43.5,0.171462,0,0.171366,-0.0057328,0.171366,-0.0057328
-43.4,0.173773,0,0.17367,-0.00596763,0.17367,-0.00596763
-43.3,0.176109,0,0.176,-0.00621151,0.176,-0.00621151
-43.2,0.178471,0,0.178354,-0.00646474,0.178354,-0.00646474
-43.1,0.18086,0,0.180734,-0.00672768,0.180734,-0.00672768
-43,0.183274,0,0.18314,-0.00700067,0.18314,-0.00700067
-42.9,0.185715,0,0.185572,-0.00728403,0.185572,-0.00728404
-42.8,0.188183,0,0.18803,-0.00757819,0.18803,-0.00757819
-42.7,0.190678,0,0.190515,-0.00788346,0.190515,-0.00788346
-42.6,0.1932,0,0.193025,-0.00820029,0.193025,-0.00820029
-42.5,0.195749,0,0.195563,-0.00852906,0.195563,-0.00852906
-42.4,0.198325,0,0.198127,-0.00887016,0.198127,-0.00887016
-42.3,0.20093,0,0.200718,-0.00922406,0.200718,-0.00922406
-42.2,0.203562,0,0.203336,-0.00959118,0.203336,-0.00959118
-42.1,0.206223,0,0.205981,-0.00997197,0.205981,-0.00997197
-42,0.208912,0,0.208654,-0.0103669,0.208654,-0.0103669
-41.9,0.211629,0,0.211354,-0.0107765,0.211354,-0.0107765
-41.8,0.214375,0,0.214082,-0.0112012,0.214082,-0.0112012
-41.7,0.21715,0,0.216838,-0.0116416,0.216838,-0.0116416
-41.6,0.219954,0,0.219621,-0.0120981,0.219621,-0.0120981
-41.5,0.222788,0,0.222433,-0.0125714,0.222433,-0.0125714
-41.4,0.225651,0,0.225272,-0.013062,0.225272,-0.013062
-41.3,0.228544,0,0.22814,-0.0135704,0.22814,-0.0135704
-41.2,0.231466,0,0.231037,-0.0140973,0.231037,-0.0140973
-41.1,0.234419,0,0.233962,-0.0146433,0.233962,-0.0146433
-41,0.237403,0,0.236915,-0.015209,0.236915,-0.015209
-40.9,0.240417,0,0.239897,-0.0157951,0.239897,-0.0157951
-40.8,0.243461,0,0.242908,-0.0164022,0.242908,-0.0164022
-40.7,0.246537,0,0.245948,-0.017031,0.245948,-0.017031
-40.6,0.249644,0,0.249017,-0.0176823,0.249017,-0.0176823
-40.5,0.252782,0,0.252114,-0.0183567,0.252114,-0.0183567
-40.4,0.255951,0,0.255241,-0.0190551,0.255241,-0.0190551
-40.3,0.259153,0,0.258397,-0.0197782,0.258397,-0.0197782
-40.2,0.262386,0,0.261582,-0.0205268,0.261582,-0.0205268
-40.1,0.265652,0,0.264796,-0.0213016,0.264796,-0.0213016
-40,0.26895,0,0.26804,-0.0221037,0.26804,-0.0221037
-39.9,0.27228,0,0.271313,-0.0229337,0.271313,-0.0229337
-39.8,0.275644,0,0.274615,-0.0237927,0.274615,-0.0237927
-39.7,0.27904,0,0.277946,-0.0246814,0.277946,-0.0246814
-39.6,0.282469,0,0.281306,-0.025601,0.281306,-0.025601
-39.5,0.285932,0,0.284696,-0.0265522,0.284696,-0.0265522
-39.4,0.289428,0,0.288115,-0.0275362,0.288115,-0.0275362
-39.3,0.292958,0,0.291563,-0.0285539,0.291563,-0.0285539
-39.2,0.296521,0,0.29504,-0.0296064,0.29504,-0.0296064
-39.1,0.300119,0,0.298546,-0.0306947,0.298546,-0.0306947
-39,0.303752,0,0.30208,-0.03182,0.30208,-0.03182
-38.9,0.307418,0,0.305644,-0.0329832,0.305644,-0.0329832
-38.8,0.31112,0,0.309236,-0.0341858,0.309236,-0.0341858
-38.7,0.314856,0,0.312856,-0.0354288,0.312856,-0.0354288
-38.6,0.318627,0,0.316505,-0.0367134,0.316505,-0.0367134
-38.5,0.322434,0,0.320182,-0.0380409,0.320182,-0.0380409
-38.4,0.326276,0,0.323887,-0.0394125,0.323887,-0.0394125
-38.3,0.330153,0,0.327619,-0.0408296,0.327619,-0.0408296
-38.2,0.334067,0,0.331379,-0.0422936,0.331379,-0.0422936
-38.1,0.338016,0,0.335166,-0.0438057,0.335166,-0.0438057
-38,0.342002,0,0.338979,-0.0453674,0.338979,-0.0453674
-37.9,0.346023,0,0.342819,-0.0469801,0.342819,-0.0469801
-37.8,0.350082,0,0.346685,-0.0486454,0.346685,-0.0486454
-37.7,0.354177,0,0.350578,-0.0503649,0.350578,-0.0503649
-37.6,0.358309,0,0.354495,-0.0521397,0.354495,-0.0521397
-37.5,0.362478,0,0.358437,-0.0539718,0.358437,-0.0539718
-37.4,0.366684,0,0.362404,-0.0558627,0.362404,-0.0558627
-37.3,0.370927,0,0.366394,-0.057814,0.366394,-0.057814
-37.2,0.375209,0,0.370408,-0.0598276,0.370408,-0.0598276
-37.1,0.379527,0,0.374445,-0.061905,0.374445,-0.061905
-37,0.383884,0,0.378503,-0.0640479,0.378503,-0.0640479
-36.9,0.388279,0,0.382583,-0.0662584,0.382583,-0.0662584
-36.8,0.392711,0,0.386684,-0.068538,0.386684,-0.068538
-36.7,0.397183,0,0.390806,-0.0708892,0.390806,-0.0708892
-36.6,0.401693,0,0.394946,-0.0733132,0.394946,-0.0733132
-36.5,0.406241,0,0.399104,-0.0758122,0.399104,-0.0758122
-36.4,0.410829,0,0.403281,-0.0783884,0.403281,-0.0783884
-36.3,0.415455,0,0.407473,-0.0810436,0.407473,-0.0810436
-36.2,0.420121,0,0.411682,-0.0837803,0.411682,-0.0837803
-36.1,0.424825,0,0.415905,-0.0866001,0.415905,-0.0866001
-36,0.42957,0,0.420141,-0.0895052,0.420141,-0.0895052
-35.9,0.434354,0,0.42439,-0.0924981,0.42439,-0.0924981
-35.8,0.439177,0,0.42865,-0.0955808,0.42865,-0.0955808
-35.7,0.444041,0,0.43292,-0.0987559,0.43292,-0.0987559
-35.6,0.448944,0,0.437198,-0.102025,0.437198,-0.102025
-35.5,0.453888,0,0.441483,-0.105392,0.441483,-0.105392
-35.4,0.458872,0,0.445773,-0.108857,0.445773,-0.108857
-35.3,0.463896,0,0.450068,-0.112424,0.450068,-0.112424
-35.2,0.468962,0,0.454364,-0.116095,0.454364,-0.116095
-35.1,0.474067,0,0.458662,-0.119873,0.458662,-0.119873
-35,0.479214,0,0.462957,-0.12376,0.462957,-0.12376
-34.9,0.484401,0,0.46725,-0.127758,0.46725,-0.127758
-34.8,0.48963,0,0.471537,-0.131871,0.471537,-0.131871
-34.7,0.4949,0,0.475818,-0.136101,0.475818,-0.136101
-34.6,0.500211,0,0.480088,-0.14045,0.480088,-0.14045
-34.5,0.505563,0,0.484347,-0.144921,0.484347,-0.144921
-34.4,0.510957,0,0.488592,-0.149518,0.488592,-0.149518
-34.3,0.516393,0,0.49282,-0.154242,0.49282,-0.154242
-34.2,0.521871,0,0.497029,-0.159097,0.497029,-0.159097
-34.1,0.52739,0,0.501215,-0.164084,0.501215,-0.164084
-34,0.532951,0,0.505377,-0.169208,0.505377,-0.169208
-33.9,0.538554,0,0.50951,-0.174471,0.50951,-0.174471
-33.8,0.5442,0,0.513613,-0.179875,0.513613,-0.179875
-33.7,0.549888,0,0.517682,-0.185424,0.517682,-0.185424
-33.6,0.555618,0,0.521712,-0.19112,0.521712,-0.19112
-33.5,0.56139,0,0.525702,-0.196967,0.525702,-0.196967
-33.4,0.567205,0,0.529647,-0.202966,0.529647,-0.202966
-33.3,0.573062,0,0.533543,-0.209122,0.533543,-0.209122
-33.2,0.578963,0,0.537387,-0.215436,0.537387,-0.215436
-33.1,0.584906,0,0.541174,-0.221912,0.541174,-0.221912
-33,0.590891,0,0.5449,-0.228552,0.5449,-0.228552
-32.9,0.59692,0,0.54856,-0.23536,0.54856,-0.23536
-32.8,0.602991,0,0.552151,-0.242338,0.552151,-0.242338
-32.7,0.609106,0,0.555666,-0.249489,0.555666,-0.249489
-32.6,0.615263,0,0.559102,-0.256815,0.559102,-0.256815
-32.5,0.621464,0,0.562452,-0.264319,0.562452,-0.264319
-32.4,0.627707,0,0.565712,-0.272004,0.565712,-0.272004
-32.3,0.633994,0,0.568876,-0.279872,0.568876,-0.279872
-32.2,0.640325,0,0.571939,-0.287927,0.571939,-0.287927
-32.1,0.646698,0,0.574893,-0.296169,0.574893,-0.296169
-32,0.653115,0,0.577734,-0.304603,0.577734,-0.304603
-31.9,0.659575,0,0.580454,-0.313229,0.580454,-0.313229
-31.8,0.666078,0,0.583047,-0.322051,0.583047,-0.322051
-31.7,0.672626,0,0.585506,-0.33107,0.585506,-0.33107
-31.6,0.679216,0,0.587825,-0.340288,0.587825,-0.340288
-31.5,0.68585,0,0.589995,-0.349707,0.589995,-0.349707
-31.4,0.692527,0,0.59201,-0.359329,0.59201,-0.359329
-31.3,0.699247,0,0.593861,-0.369155,0.593861,-0.369155
-31.2,0.706012,0,0.595541,-0.379188,0.595541,-0.379188
-31.1,0.712819,0,0.597041,-0.389427,0.597041,-0.389427
-31,0.719671,0,0.598353,-0.399874,0.598353,-0.399874
-30.9,0.726565,0,0.599468,-0.41053,0.599468,-0.41053
-30.8,0.733503,0,0.600377,-0.421396,0.600377,-0.421396
-30.7,0.740485,0,0.60107,-0.432473,0.60107,-0.432473
-30.6,0.74751,0,0.601539,-0.443759,0.601539,-0.443759
-30.5,0.754578,0,0.601773,-0.455256,0.601773,-0.455256
-30.4,0.761689,0,0.601762,-0.466962,0.601762,-0.466962
-30.3,0.768844,0,0.601496,-0.478878,0.601496,-0.478878
-30.2,0.776043,0,0.600965,-0.491003,0.600965,-0.491003
-30.1,0.783285,0,0.600158,-0.503334,0.600158,-0.503334
-30,0.790569,0,0.599063,-0.515872,0.599063,-0.515872
-29.9,0.797897,0,0.597669,-0.528613,0.597669,-0.528613
-29.8,0.805268,0,0.595965,-0.541555,0.595965,-0.541555
-29.7,0.812683,0,0.593939,-0.554698,0.593939,-0.554698
-29.6,0.82014,0,0.591579,-0.568035,0.591579,-0.568035
-29.5,0.82764,0,0.588872,-0.581565,0.588872,-0.581565
-29.4,0.835183,0,0.585806,-0.595283,0.585806,-0.595283
-29.3,0.842768,0,0.582368,-0.609185,0.582368,-0.609185
-29.2,0.850397,0,0.578545,-0.623267,0.578545,-0.623267
-29.1,0.858068,0,0.574324,-0.637521,0.574324,-0.637521
-29,0.865782,0,0.569692,-0.651942,0.569692,-0.651942
-28.9,0.873538,0,0.564635,-0.666525,0.564635,-0.666525
-28.8,0.881336,0,0.559139,-0.681261,0.559139,-0.681261
-28.7,0.889177,0,0.55319,-0.696144,0.55319,-0.696144
-28.6,0.897059,0,0.546775,-0.711163,0.546775,-0.711163
-28.5,0.904984,0,0.539879,-0.72631,0.539879,-0.72631
-28.4,0.91295,0,0.532488,-0.741576,0.532488,-0.741576
-28.3,0.920959,0,0.524588,-0.756949,0.524588,-0.756949
-28.2,0.929009,0,0.516163,-0.772421,0.516163,-0.772421
-28.1,0.9371,0,0.5072,-0.787975,0.5072,-0.787975
-28,0.945233,0,0.497685,-0.803601,0.497685,-0.803601
-27.9,0.953407,0,0.487603,-0.819285,0.487603,-0.819285
-27.8,0.961622,0,0.47694,-0.835012,0.476939,-0.835012
-27.7,0.969878,0,0.465679,-0.850768,0.465679,-0.850768
-27.6,0.978175,0,0.45381,-0.866535,0.45381,-0.866535
-27.5,0.986512,0,0.441317,-0.882296,0.441317,-0.882296
-27.4,0.99489,0,0.428186,-0.898033,0.428185,-0.898033
-27.3,1.00331,0,0.414403,-0.913726,0.414403,-0.913726
-27.2,1.01177,0,0.399955,-0.929358,0.399955,-0.929358
-27.1,1.02026,0,0.384831,-0.944904,0.384831,-0.944904
-27,1.0288,0,0.369015,-0.960343,0.369015,-0.960343
-26.9,1.03738,0,0.352498,-0.975653,0.352498,-0.975653
-26.8,1.04599,0,0.335266,-0.990808,0.335266,-0.990808
-26.7,1.05465,0,0.317308,-1.00578,0.317308,-1.00578
-26.6,1.06334,0,0.298614,-1.02055,0.298614,-1.02055
-26.5,1.07208,0,0.279175,-1.03509,0.279175,-1.03509
-26.4,1.08085,0,0.258981,-1.04936,0.258981,-1.04936
-26.3,1.08966,0,0.238023,-1.06334,0.238023,-1.06334
-26.2,1.09851,0,0.216291,-1.077,0.216291,-1.077
-26.1,1.10739,0,0.193784,-1.0903,0.193784,-1.0903
-26,1.11631,0,0.170493,-1.10322,0.170492,-1.10322
-25.9,1.12527,0,0.146413,-1.11571,0.146413,-1.11571
-25.8,1.13427,0,0.121541,-1.12774,0.121541,-1.12774
-25.7,1.1433,0,0.0958739,-1.13928,0.0958738,-1.13928
-25.6,1.15237,0,0.0694133,-1.15028,0.0694133,-1.15028
-25.5,1.16148,0,0.0421582,-1.16071,0.0421583,-1.16071
-25.4,1.17062,0,0.0141101,-1.17054,0.01411,-1.17054
-25.3,1.1798,0,-0.0147268,-1.17971,-0.0147268,-1.17971
-25.2,1.18901,0,-0.0443497,-1.18819,-0.0443497,-1.18819
-25.1,1.19826,0,-0.0747475,-1.19593,-0.0747477,-1.19593
-25,1.20754,0,-0.105914,-1.20289,-0.105914,-1.20289
-24.9,1.21686,0,-0.137838,-1.20903,-0.137838,-1.20903
-24.8,1.22621,0,-0.170506,-1.2143,-0.170506,-1.2143
-24.7,1.2356,0,-0.203907,-1.21866,-0.203907,-1.21866
-24.6,1.24502,0,-0.238018,-1.22205,-0.238018,-1.22205
-24.5,1.25447,0,-0.272822,-1.22444,-0.272822,-1.22444
-24.4,1.26395,0,-0.308298,-1.22578,-0.308298,-1.22578
-24.3,1.27347,0,-0.344421,-1.22601,-0.344421,-1.22601
-24.2,1.28302,0,-0.381168,-1.22509,-0.381168,-1.22509
-24.1,1.2926,0,-0.418502,-1.22298,-0.418502,-1.22298
-24,1.30221,0,-0.456395,-1.21961,-0.456395,-1.21961
-23.9,1.31186,0,-0.49481,-1.21496,-0.494811,-1.21496
-23.8,1.32153,0,-0.533712,-1.20896,-0.533712,-1.20896
-23.7,1.33123,0,-0.573059,-1.20158,-0.573059,-1.20158
-23.6,1.34097,0,-0.612804,-1.19276,-0.612804,-1.19276
-23.5,1.35073,0,-0.652901,-1.18245,-0.652901,-1.18245
-23.4,1.36053,0,-0.693301,-1.17063,-0.693301,-1.17063
-23.3,1.37035,0,-0.733948,-1.15723,-0.733948,-1.15723
-23.2,1.3802,0,-0.77479,-1.14221,-0.77479,-1.14221
-23.1,1.39008,0,-0.81576,-1.12554,-0.81576,-1.12554
-23,1.39998,0,-0.856798,-1.10718,-0.856798,-1.10718
-22.9,1.40992,0,-0.897835,-1.08708,-0.897835,-1.08708
-22.8,1.41987,0,-0.938803,-1.06522,-0.938803,-1.06522
-22.7,1.42986,0,-0.979631,-1.04155,-0.979631,-1.04155
-22.6,1.43987,0,-1.02023,-1.01605,-1.02023,-1.01605
-22.5,1.44991,0,-1.06054,-0.988687,-1.06054,-0.988686
-22.4,1.45997,0,-1.10046,-0.959436,-1.10046,-0.959436
-22.3,1.47006,0,-1.1399,-0.928275,-1.1399,-0.928275
-22.2,1.48017,0,-1.17879,-0.895183,-1.17879,-0.895183
-22.1,1.49031,0,-1.21703,-0.86015,-1.21703,-0.86015
-22,1.50046,0,-1.25451,-0.823163,-1.25451,-0.823162
-21.9,1.51064,0,-1.29114,-0.784213,-1.29114,-0.784213
-21.8,1.52085,0,-1.32683,-0.743299,-1.32683,-0.743299
-21.7,1.53107,0,-1.36147,-0.700421,-1.36147,-0.700421
-21.6,1.54132,0,-1.39494,-0.655592,-1.39494,-0.655592
-21.5,1.55158,0,-1.42715,-0.608821,-1.42715,-0.60882
-21.4,1.56187,0,-1.45798,-0.560127,-1.45798,-0.560126
-21.3,1.57218,0,-1.48732,-0.509533,-1.48732,-0.509533
-21.2,1.5825,0,-1.51506,-0.457066,-1.51506,-0.457065
-21.1,1.59285,0,-1.54109,-0.402768,-1.54109,-0.402768
-21,1.60321,0,-1.56528,-0.34668,-1.56528,-0.346679
-20.9,1.61359,0,-1.58753,-0.28885,-1.58753,-0.28885
-20.8,1.62399,0,-1.60771,-0.229335,-1.60771,-0.229334
-20.7,1.6344,0,-1.62573,-0.16819,-1.62573,-0.168189
-20.6,1.64483,0,-1.64145,-0.105498,-1.64145,-0.105498
-20.5,1.65528,0,-1.65476,-0.0413308,-1.65476,-0.0413304
-20.4,1.66574,0,-1.66556,0.0242275,-1.66556,0.0242282
-20.3,1.67622,0,-1.67374,0.091084,-1.67374,0.091085
-20.2,1.68671,0,-1.67918,0.159145,-1.67918,0.159146
-20.1,1.69721,0,-1.68179,0.228292,-1.68178,0.228293
-20,1.70772,0,-1.68145,0.298414,-1.68145,0.298415
-19.9,1.71825,0,-1.67808,0.369391,-1.67808,0.369392
-19.8,1.72879,0,-1.67157,0.441089,-1.67157,0.44109
-19.7,1.73934,0,-1.66185,0.513377,-1.66185,0.513378
-19.6,1.7499,0,-1.64883,0.5861,-1.64883,0.586101
-19.5,1.76047,0,-1.63243,0.65911,-1.63243,0.659112
-19.4,1.77105,0,-1.61259,0.732247,-1.61259,0.732248
-19.3,1.78164,0,-1.58924,0.805345,-1.58924,0.805346
-19.2,1.79224,0,-1.56232,0.878235,-1.56231,0.878237
-19.1,1.80284,0,-1.53178,0.950731,-1.53178,0.950732
-19,1.81346,0,-1.4976,1.02265,-1.4976,1.02265
-18.9,1.82407,0,-1.45974,1.0938,-1.45974,1.0938
-18.8,1.8347,0,-1.41819,1.16398,-1.41819,1.16398
-18.7,1.84533,0,-1.37292,1.23301,-1.37292,1.23301
-18.6,1.85596,0,-1.32395,1.30066,-1.32395,1.30067
-18.5,1.86659,0,-1.2713,1.36674,-1.2713,1.36674
-18.4,1.87723,0,-1.21498,1.43103,-1.21497,1.43103
-18.3,1.88788,0,-1.15503,1.49331,-1.15502,1.49332
-18.2,1.89852,0,-1.0915,1.55339,-1.09149,1.55339
-18.1,1.90917,0,-1.02446,1.61103,-1.02445,1.61103
-18,1.91981,0,-0.953977,1.66601,-0.953974,1.66602
-17.9,1.93046,0,-0.880147,1.71814,-0.880145,1.71814
-17.8,1.9411,0,-0.803074,1.76719,-0.803071,1.76719
-17.7,1.95174,0,-0.722866,1.81295,-0.722863,1.81295
-17.6,1.96239,0,-0.639665,1.85521,-0.639661,1.85521
-17.5,1.97302,0,-0.55361,1.89376,-0.553606,1.89376
-17.4,1.98366,0,-0.464861,1.92842,-0.464857,1.92842
-17.3,1.99429,0,-0.37359,1.95898,-0.373585,1.95899
-17.2,2.00492,0,-0.279974,1.98527,-0.279969,1.98527
-17.1,2.01554,0,-0.18423,2.0071,-0.184225,2.0071
-17,2.02615,0,-0.0865624,2.0243,-0.0865566,2.0243
-16.9,2.03676,0,0.0128029,2.03672,0.0128091,2.03672
-16.8,2.04736,0,0.113628,2.0442,0.113634,2.0442
-16.7,2.05795,0,0.215672,2.04662,0.215679,2.04662
-16.6,2.06853,0,0.318656,2.04384,0.318663,2.04384
-16.5,2.07911,0,0.422316,2.03576,0.422323,2.03576
-16.4,2.08967,0,0.52637,2.02229,0.526378,2.02229
-16.3,2.10022,0,0.630529,2.00334,0.630538,2.00334
-16.2,2.11076,0,0.734497,1.97885,0.734505,1.97884
-16.1,2.12129,0,0.837953,1.94877,0.837962,1.94877
-16,2.1318,0,0.940592,1.91308,0.940601,1.91308
-15.9,2.14231,0,1.0421,1.87177,1.04211,1.87176
-15.8,2.15279,0,1.14214,1.82484,1.14215,1.82483
-15.7,2.16326,0,1.2404,1.77232,1.24041,1.77231
-15.6,2.17372,0,1.33655,1.71426,1.33656,1.71425
-15.5,2.18415,0,1.43025,1.65073,1.43026,1.65072
-15.4,2.19458,0,1.52118,1.58182,1.52119,1.58181
-15.3,2.20498,0,1.60902,1.50764,1.60903,1.50763
-15.2,2.21536,0,1.69344,1.42831,1.69345,1.4283
-15.1,2.22572,0,1.77413,1.344,1.77413,1.34399
-15,2.23607,0,1.85076,1.25487,1.85077,1.25485
-14.9,2.24639,0,1.92304,1.16111,1.92305,1.16109
-14.8,2.25669,0,1.99068,1.06293,1.99069,1.06292
-14.7,2.26697,0,2.0534,0.960569,2.05341,0.960552
-14.6,2.27722,0,2.11091,0.854283,2.11092,0.854266
-14.5,2.28745,0,2.16296,0.744336,2.16297,0.744317
-14.4,2.29766,0,2.20931,0.631017,2.20932,0.630997
-14.3,2.30784,0,2.24973,0.51463,2.24973,0.514608
-14.2,2.31799,0,2.284,0.395487,2.28401,0.395463
-14.1,2.32812,0,2.31195,0.27394,2.31195,0.273915
-14,2.33822,0,2.33338,0.150334,2.33338,0.150309
-13.9,2.34829,0,2.34815,0.0250287,2.34815,0.025002
-13.8,2.35833,0,2.35614,-0.101602,2.35614,-0.101631
-13.7,2.36834,0,2.35722,-0.229183,2.35722,-0.229212
-13.6,2.37832,0,2.35133,-0.357302,2.35132,-0.357332
-13.5,2.38827,0,2.33838,-0.485571,2.33838,-0.485602
-13.4,2.39818,0,2.31836,-0.613581,2.31835,-0.613614
-13.3,2.40807,0,2.29125,-0.740927,2.29124,-0.740961
-13.2,2.41792,0,2.25705,-0.867206,2.25704,-0.867241
-13.1,2.42773,0,2.21582,-0.991988,2.2158,-0.992023
-13,2.43751,0,2.16761,-1.11487,2.16759,-1.11491
-12.9,2.44725,0,2.11252,-1.23545,2.11249,-1.23548
-12.8,2.45696,0,2.05066,-1.35332,2.05063,-1.35335
-12.7,2.46663,0,1.98217,-1.46809,1.98214,-1.46813
-12.6,2.47626,0,1.90722,-1.57936,1.90719,-1.5794
-12.5,2.48585,0,1.82601,-1.68676,1.82597,-1.6868
-12.4,2.49541,0,1.73874,-1.78993,1.7387,-1.78996
-12.3,2.50492,0,1.64566,-1.8885,1.64562,-1.88854
-12.2,2.51439,0,1.54701,-1.98215,1.54696,-1.98219
-12.1,2.52382,0,1.44309,-2.07055,1.44304,-2.07058
-12,2.53321,0,1.33419,-2.15338,1.33414,-2.15341
-11.9,2.54255,0,1.22064,-2.23038,1.22058,-2.23041
-11.8,2.55185,0,1.10277,-2.30127,1.10271,-2.30129
-11.7,2.5611,0,0.980921,-2.36581,0.980858,-2.36583
-11.6,2.57031,0,0.85548,-2.42377,0.855413,-2.42379
-11.5,2.57947,0,0.726818,-2.47496,0.726747,-2.47498
-11.4,2.58859,0,0.595328,-2.5192,0.595252,-2.51922
-11.3,2.59765,0,0.461409,-2.55635,0.461331,-2.55636
-11.2,2.60667,0,0.325463,-2.58627,0.325381,-2.58628
-11.1,2.61564,0,0.187922,-2.60888,0.187835,-2.60889
-11,2.62456,0,0.0491976,-2.6241,0.0491071,-2.6241
-10.9,2.63343,0,-0.0902893,-2.63188,-0.0903821,-2.63188
-10.8,2.64224,0,-0.230113,-2.63221,-0.230209,-2.6322
-10.7,2.65101,0,-0.369865,-2.62508,-0.369965,-2.62507
-10.6,2.65972,0,-0.509102,-2.61054,-0.509205,-2.61052
-10.5,2.66838,0,-0.647422,-2.58865,-0.647527,-2.58862
-10.4,2.67698,0,-0.784415,-2.55948,-0.784521,-2.55945
-10.3,2.68553,0,-0.919681,-2.52315,-0.919787,-2.52311
-10.2,2.69403,0,-1.05284,-2.47978,-1.05295,-2.47973
-10.1,2.70246,0,-1.18348,-2.42954,-1.18359,-2.42949
-10,2.71084,0,-1.31126,-2.37261,-1.31138,-2.37254
-9.9,2.71917,0,-1.43582,-2.30917,-1.43594,-2.3091
-9.8,2.72743,0,-1.55682,-2.23946,-1.55694,-2.23938
-9.7,2.73563,0,-1.67395,-2.1637,-1.67406,-2.16361
-9.6,2.74378,0,-1.78688,-2.08215,-1.78699,-2.08206
-9.5,2.75186,0,-1.89534,-1.9951,-1.89545,-1.995
-9.4,2.75989,0,-1.99906,-1.90282,-1.99917,-1.9027
-9.3,2.76785,0,-2.0978,-1.80561,-2.0979,-1.80549
-9.2,2.77575,0,-2.19133,-1.70378,-2.19143,-1.70365
-9.1,2.78358,0,-2.27943,-1.59766,-2.27953,-1.59752
-9,2.79135,0,-2.36194,-1.48758,-2.36203,-1.48743
-8.9,2.79906,0,-2.43869,-1.37387,-2.43878,-1.37372
-8.8,2.8067,0,-2.50954,-1.25689,-2.50962,-1.25672
-8.7,2.81428,0,-2.57439,-1.13696,-2.57446,-1.13679
-8.6,2.82179,0,-2.63312,-1.01446,-2.63319,-1.01428
-8.5,2.82923,0,-2.68569,-0.889736,-2.68575,-0.889544
-8.4,2.8366,0,-2.73202,-0.763129,-2.73208,-0.76293
-8.3,2.84391,0,-2.77211,-0.634991,-2.77216,-0.634781
-8.2,2.85115,0,-2.80595,-0.505661,-2.80599,-0.505445
-8.1,2.85831,0,-2.83354,-0.375498,-2.83357,-0.375276
-8,2.86541,0,-2.85493,-0.244829,-2.85495,-0.244598
-7.9,2.87244,0,-2.87018,-0.113981,-2.87018,-0.113744
-7.8,2.87939,0,-2.87934,0.0167246,-2.87934,0.0169703
-7.7,2.88627,0,-2.88253,0.146988,-2.88252,0.14724
-7.6,2.89308,0,-2.87984,0.276488,-2.87982,0.276743
-7.5,2.89982,0,-2.87141,0.404945,-2.87137,0.405207
-7.4,2.90648,0,-2.85737,0.532083,-2.85732,0.532348
-7.3,2.91307,0,-2.83787,0.657637,-2.83781,0.657907
-7.2,2.91959,0,-2.81309,0.781365,-2.81301,0.781639
-7.1,2.92602,0,-2.7832,0.903013,-2.78311,0.903289
-7,2.93239,0,-2.74839,1.02237,-2.74829,1.02265
-6.9,2.93867,0,-2.70887,1.13922,-2.70875,1.1395
-6.8,2.94488,0,-2.66484,1.25338,-2.6647,1.25366
-6.7,2.95101,0,-2.61651,1.36468,-2.61636,1.36496
-6.6,2.95706,0,-2.56411,1.47294,-2.56395,1.47323
-6.5,2.96303,0,-2.50787,1.57803,-2.50769,1.57831
-6.4,2.96893,0,-2.44802,1.67981,-2.44782,1.68009
-6.3,2.97474,0,-2.38478,1.77817,-2.38458,1.77845
-6.2,2.98047,0,-2.31841,1.87303,-2.31818,1.8733
-6.1,2.98613,0,-2.24913,1.96427,-2.24889,1.96454
-6,2.9917,0,-2.17719,2.05185,-2.17694,2.05212
-5.9,2.99719,0,-2.10282,2.13571,-2.10256,2.13597
-5.8,3.00259,0,-2.02627,2.21581,-2.02598,2.21607
-5.7,3.00792,0,-1.94775,2.29213,-1.94744,2.29238
-5.6,3.01316,0,-1.8675,2.36464,-1.86719,2.36489
-5.5,3.01831,0,-1.78576,2.43337,-1.78543,2.43361
-5.4,3.02338,0,-1.70274,2.49831,-1.7024,2.49854
-5.3,3.02837,0,-1.61866,2.55949,-1.6183,2.55971
-5.2,3.03327,0,-1.53373,2.61695,-1.53335,2.61717
-5.1,3.03809,0,-1.44815,2.67074,-1.44777,2.67095
-5,3.04282,0,-1.36214,2.72091,-1.36174,2.7211
-4.9,3.04746,0,-1.27587,2.76752,-1.27546,2.76771
-4.8,3.05202,0,-1.18954,2.81066,-1.18912,2.81084
-4.7,3.05649,0,-1.10331,2.85041,-1.10288,2.85058
-4.6,3.06087,0,-1.01737,2.88685,-1.01693,2.887
-4.5,3.06516,0,-0.931878,2.92008,-0.931418,2.92022
-4.4,3.06937,0,-0.846979,2.9502,-0.846507,2.95033
-4.3,3.07348,0,-0.762822,2.97732,-0.762338,2.97744
-4.2,3.07751,0,-0.679541,3.00155,-0.679051,3.00166
-4.1,3.08145,0,-0.597277,3.02301,-0.596773,3.02311
-4,3.0853,0,-0.516145,3.04182,-0.515635,3.0419
-3.9,3.08905,0,-0.436258,3.05809,-0.435736,3.05817
-3.8,3.09272,0,-0.357723,3.07196,-0.357197,3.07202
-3.7,3.09629,0,-0.280632,3.08355,-0.280097,3.0836
-3.6,3.09978,0,-0.205087,3.09299,-0.204544,3.09302
-3.5,3.10317,0,-0.131164,3.1004,-0.130614,3.10042
-3.4,3.10647,0,-0.0589407,3.10591,-0.0583836,3.10592
-3.3,3.10968,0,0.0115153,3.10966,0.012078,3.10965
-3.2,3.11279,0,0.0801463,3.11176,0.0807149,3.11174
-3.1,3.11581,0,0.146886,3.11235,0.147463,3.11232
-3,3.11874,0,0.21169,3.11155,0.212272,3.11151
-2.9,3.12158,0,0.274514,3.10949,0.275101,3.10943
-2.8,3.12432,0,0.335319,3.10627,0.335907,3.10621
-2.7,3.12697,0,0.394076,3.10204,0.394672,3.10196
-2.6,3.12952,0,0.450748,3.09689,0.451345,3.0968
-2.5,3.13198,0,0.505315,3.09095,0.505917,3.09085
-2.4,3.13435,0,0.557756,3.08432,0.558361,3.08421
-2.3,3.13662,0,0.608056,3.07711,0.608664,3.07699
-2.2,3.13879,0,0.656205,3.06943,0.656814,3.0693
-2.1,3.14087,0,0.702187,3.06137,0.702801,3.06123
-2,3.14285,0,0.745998,3.05304,0.746612,3.05288
-1.9,3.14474,0,0.787635,3.04451,0.788251,3.04435
-1.8,3.14654,0,0.827095,3.03589,0.827715,3.03572
-1.7,3.14823,0,0.864382,3.02725,0.864999,3.02707
-1.6,3.14983,0,0.899492,3.01867,0.900113,3.01848
-1.5,3.15134,0,0.93243,3.01023,0.933052,3.01004
-1.4,3.15275,0,0.963201,3.00201,0.963825,3.00181
-1.3,3.15406,0,0.991811,2.99406,0.992436,2.99385
-1.2,3.15527,0,1.01827,2.98645,1.01889,2.98623
-1.1,3.15639,0,1.04257,2.97924,1.0432,2.97902
-1,3.15741,0,1.06474,2.97247,1.06536,2.97225
-0.900002,3.15833,0,1.08476,2.96621,1.08539,2.96598
-0.800003,3.15916,0,1.10266,2.96048,1.10329,2.96025
-0.699997,3.15989,0,1.11844,2.95534,1.11906,2.9551
-0.599998,3.16052,0,1.1321,2.95081,1.13273,2.95057
-0.5,3.16106,0,1.14364,2.94693,1.14427,2.94668
-0.400002,3.1615,0,1.15308,2.94372,1.15371,2.94347
-0.300003,3.16184,0,1.16042,2.9412,1.16105,2.94095
-0.199997,3.16208,0,1.16566,2.93939,1.16629,2.93914
-0.0999985,3.16223,0,1.16881,2.9383,1.16943,2.93805
0,3.16228,0,1.16985,2.93793,1.17048,2.93768
0.0999985,3.16223,0,1.16881,2.9383,1.16943,2.93805
0.199997,3.16208,0,1.16566,2.93939,1.16629,2.93914
0.300003,3.16184,0,1.16042,2.9412,1.16105,2.94095
0.400002,3.1615,0,1.15308,2.94372,1.15371,2.94347
0.5,3.16106,0,1.14364,2.94693,1.14427,2.94668
0.599998,3.16052,0,1.1321,2.95081,1.13273,2.95057
0.699997,3.15989,0,1.11844,2.95534,1.11906,2.9551
0.800003,3.15916,0,1.10266,2.96048,1.10329,2.96025
0.900002,3.15833,0,1.08476,2.96621,1.08539,2.96598
1,3.15741,0,1.06474,2.97247,1.06536,2.97225
1.1,3.15639,0,1.04257,2.97924,1.0432,2.97902
1.2,3.15527,0,1.01827,2.98645,1.01889,2.98623
1.3,3.15406,0,0.991811,2.99406,0.992436,2.99385
1.4,3.15275,0,0.963201,3.00201,0.963825,3.00181
1.5,3.15134,0,0.93243,3.01023,0.933052,3.01004
1.6,3.14983,0,0.899492,3.01867,0.900113,3.01848
1.7,3.14823,0,0.864382,3.02725,0.864999,3.02707
1.8,3.14654,0,0.827095,3.03589,0.827715,3.03572
1.9,3.14474,0,0.787635,3.04451,0.788251,3.04435
2,3.14285,0,0.745998,3.05304,0.746612,3.05288
2.1,3.14087,0,0.702187,3.06137,0.702801,3.06123
2.2,3.13879,0,0.656205,3.06943,0.656814,3.0693
2.3,3.13662,0,0.608056,3.07711,0.608664,3.07699
2.4,3.13435,0,0.557756,3.08432,0.558361,3.08421
2.5,3.13198,0,0.505315,3.09095,0.505917,3.09085
2.6,3.12952,0,0.450748,3.09689,0.451345,3.0968
2.7,3.12697,0,0.394076,3.10204,0.394672,3.10196
2.8,3.12432,0,0.335319,3.10627,0.335907,3.10621
2.9,3.12158,0,0.274514,3.10949,0.275101,3.10943
3,3.11874,0,0.21169,3.11155,0.212272,3.11151
3.1,3.11581,0,0.146886,3.11235,0.147463,3.11232
3.2,3.11279,0,0.0801463,3.11176,0.0807149,3.11174
3.3,3.10968,0,0.0115153,3.10966,0.012078,3.10965
3.4,3.10647,0,-0.0589407,3.10591,-0.0583836,3.10592
3.5,3.10317,0,-0.131164,3.1004,-0.130614,3.10042
3.6,3.09978,0,-0.205087,3.09299,-0.204544,3.09302
3.7,3.09629,0,-0.280632,3.08355,-0.280097,3.0836
3.8,3.09272,0,-0.357723,3.07196,-0.357197,3.07202
3.9,3.08905,0,-0.436258,3.05809,-0.435736,3.05817
4,3.0853,0,-0.516145,3.04182,-0.515635,3.0419
4.1,3.08145,0,-0.597277,3.02301,-0.596773,3.02311
4.2,3.07751,0,-0.679541,3.00155,-0.679051,3.00166
4.3,3.07348,0,-0.762822,2.97732,-0.762338,2.97744
4.4,3.06937,0,-0.846979,2.9502,-0.846507,2.95033
4.5,3.06516,0,-0.931878,2.92008,-0.931418,2.92022
4.6,3.06087,0,-1.01737,2.88685,-1.01693,2.887
4.7,3.05649,0,-1.10331,2.85041,-1.10288,2.85058
4.8,3.05202,0,-1.18954,2.81066,-1.18912,2.81084
4.9,3.04746,0,-1.27587,2.76752,-1.27546,2.76771
5,3.04282,0,-1.36214,2.72091,-1.36174,2.7211
5.1,3.03809,0,-1.44815,2.67074,-1.44777,2.67095
5.2,3.03327,0,-1.53373,2.61695,-1.53335,2.61717
5.3,3.02837,0,-1.61866,2.55949,-1.6183,2.55971
5.4,3.02338,0,-1.70274,2.49831,-1.7024,2.49854
5.5,3.01831,0,-1.78576,2.43337,-1.78543,2.43361
5.6,3.01316,0,-1.8675,2.36464,-1.86719,2.36489
5.7,3.00792,0,-1.94775,2.29213,-1.94744,2.29238
5.8,3.00259,0,-2.02627,2.21581,-2.02598,2.21607
5.9,2.99719,0,-2.10282,2.13571,-2.10256,2.13597
6,2.9917,0,-2.17719,2.05185,-2.17694,2.05212
6.1,2.98613,0,-2.24913,1.96427,-2.24889,1.96454
6.2,2.98047,0,-2.31841,1.87303,-2.31818,1.8733
6.3,2.97474,0,-2.38478,1.77817,-2.38458,1.77845
6.4,2.96893,0,-2.44802,1.67981,-2.44782,1.68009
6.5,2.96303,0,-2.50787,1.57803,-2.50769,1.57831
6.6,2.95706,0,-2.56411,1.47294,-2.56395,1.47323
6.7,2.95101,0,-2.61651,1.36468,-2.61636,1.36496
6.8,2.94488,0,-2.66484,1.25338,-2.6647,1.25366
6.9,2.93867,0,-2.70887,1.13922,-2.70875,1.1395
7,2.93239,0,-2.74839,1.02237,-2.74829,1.02265
7.1,2.92602,0,-2.7832,0.903013,-2.78311,0.903289
7.2,2.91959,0,-2.81309,0.781365,-2.81301,0.781639
7.3,2.91307,0,-2.83787,0.657637,-2.83781,0.657907
7.4,2.90648,0,-2.85737,0.532083,-2.85732,0.532348
7.5,2.89982,0,-2.87141,0.404945,-2.87137,0.405207
7.6,2.89308,0,-2.87984,0.276488,-2.87982,0.276743
7.7,2.88627,0,-2.88253,0.146988,-2.88252,0.14724
7.8,2.87939,0,-2.87934,0.0167246,-2.87934,0.0169703
7.9,2.87244,0,-2.87018,-0.113981,-2.87018,-0.113744
8,2.86541,0,-2.85493,-0.244829,-2.85495,-0.244598
8.1,2.85831,0,-2.83354,-0.375498,-2.83357,-0.375276
8.2,2.85115,0,-2.80595,-0.505661,-2.80599,-0.505445
8.3,2.84391,0,-2.77211,-0.634991,-2.77216,-0.634781
8.4,2.8366,0,-2.73202,-0.763129,-2.73208,-0.76293
8.5,2.82923,0,-2.68569,-0.889736,-2.68575,-0.889544
8.6,2.82179,0,-2.63312,-1.01446,-2.63319,-1.01428
8.7,2.81428,0,-2.57439,-1.13696,-2.57446,-1.13679
8.8,2.8067,0,-2.50954,-1.25689,-2.50962,-1.25672
8.9,2.79906,0,-2.43869,-1.37387,-2.43878,-1.37372
9,2.79135,0,-2.36194,-1.48758,-2.36203,-1.48743
9.1,2.78358,0,-2.27943,-1.59766,-2.27953,-1.59752
9.2,2.77575,0,-2.19133,-1.70378,-2.19143,-1.70365
9.3,2.76785,0,-2.0978,-1.80561,-2.0979,-1.80549
9.4,2.75989,0,-1.99906,-1.90282,-1.99917,-1.9027
9.5,2.75186,0,-1.89534,-1.9951,-1.89545,-1.995
9.6,2.74378,0,-1.78688,-2.08215,-1.78699,-2.08206
9.7,2.73563,0,-1.67395,-2.1637,-1.67406,-2.16361
9.8,2.72743,0,-1.55682,-2.23946,-1.55694,-2.23938
9.9,2.71917,0,-1.43582,-2.30917,-1.43594,-2.3091
10,2.71084,0,-1.31126,-2.37261,-1.31138,-2.37254
10.1,2.70246,0,-1.18348,-2.42954,-1.18359,-2.42949
10.2,2.69403,0,-1.05284,-2.47978,-1.05295,-2.47973
10.3,2.68553,0,-0.919681,-2.52315,-0.919787,-2.52311
10.4,2.67698,0,-0.784415,-2.55948,-0.784521,-2.55945
10.5,2.66838,0,-0.647422,-2.58865,-0.647527,-2.58862
10.6,2.65972,0,-0.509102,-2.61054,-0.509205,-2.61052
10.7,2.65101,0,-0.369865,-2.62508,-0.369965,-2.62507
10.8,2.64224,0,-0.230113,-2.63221,-0.230209,-2.6322
10.9,2.63343,0,-0.0902893,-2.63188,-0.0903821,-2.63188
11,2.62456,0,0.0491976,-2.6241,0.0491071,-2.6241
11.1,2.61564,0,0.187922,-2.60888,0.187835,-2.60889
11.2,2.60667,0,0.325463,-2.58627,0.325381,-2.58628
11.3,2.59765,0,0.461409,-2.55635,0.461331,-2.55636
11.4,2.58859,0,0.595328,-2.5192,0.595252,-2.51922
11.5,2.57947,0,0.726818,-2.47496,0.726747,-2.47498
11.6,2.57031,0,0.85548,-2.42377,0.855413,-2.42379
11.7,2.5611,0,0.980921,-2.36581,0.980858,-2.36583
11.8,2.55185,0,1.10277,-2.30127,1.10271,-2.30129
11.9,2.54255,0,1.22064,-2.23038,1.22058,-2.23041
12,2.53321,0,1.33419,-2.15338,1.33414,-2.15341
12.1,2.52382,0,1.44309,-2.07055,1.44304,-2.07058
12.2,2.51439,0,1.54701,-1.98215,1.54696,-1.98219
12.3,2.50492,0,1.64566,-1.8885,1.64562,-1.88854
12.4,2.49541,0,1.73874,-1.78993,1.7387,-1.78996
12.5,2.48585,0,1.82601,-1.68676,1.82597,-1.6868
12.6,2.47626,0,1.90722,-1.57936,1.90719,-1.5794
12.7,2.46663,0,1.98217,-1.46809,1.98214,-1.46813
12.8,2.45696,0,2.05066,-1.35332,2.05063,-1.35335
12.9,2.44725,0,2.11252,-1.23545,2.11249,-1.23548
13,2.43751,0,2.16761,-1.11487,2.16759,-1.11491
13.1,2.42773,0,2.21582,-0.991988,2.2158,-0.992023
13.2,2.41792,0,2.25705,-0.867206,2.25704,-0.867241
13.3,2.40807,0,2.29125,-0.740927,2.29124,-0.740961
13.4,2.39818,0,2.31836,-0.613581,2.31835,-0.613614
13.5,2.38827,0,2.33838,-0.485571,2.33838,-0.485602
13.6,2.37832,0,2.35133,-0.357302,2.35132,-0.357332
13.7,2.36834,0,2.35722,-0.229183,2.35722,-0.229212
13.8,2.35833,0,2.35614,-0.101602,2.35614,-0.101631
13.9,2.34829,0,2.34815,0.0250287,2.34815,0.025002
14,2.33822,0,2.33338,0.150334,2.33338,0.150309
14.1,2.32812,0,2.31195,0.27394,2.31195,0.273915
14.2,2.31799,0,2.284,0.395487,2.28401,0.395463
14.3,2.30784,0,2.24973,0.51463,2.24973,0.514608
14.4,2.29766,0,2.20931,0.631017,2.20932,0.630997
14.5,2.28745,0,2.16296,0.744336,2.16297,0.744317
14.6,2.27722,0,2.11091,0.854283,2.11092,0.854266
14.7,2.26697,0,2.0534,0.960569,2.05341,0.960552
14.8,2.25669,0,1.99068,1.06293,1.99069,1.06292
14.9,2.24639,0,1.92304,1.16111,1.92305,1.16109
15,2.23607,0,1.85076,1.25487,1.85077,1.25485
15.1,2.22572,0,1.77413,1.344,1.77413,1.34399
15.2,2.21536,0,1.69344,1.42831,1.69345,1.4283
15.3,2.20498,0,1.60902,1.50764,1.60903,1.50763
15.4,2.19458,0,1.52118,1.58182,1.52119,1.58181
15.5,2.18415,0,1.43025,1.65073,1.43026,1.65072
15.6,2.17372,0,1.33655,1.71426,1.33656,1.71425
15.7,2.16326,0,1.2404,1.77232,1.24041,1.77231
15.8,2.15279,0,1.14214,1.82484,1.14215,1.82483
15.9,2.14231,0,1.0421,1.87177,1.04211,1.87176
16,2.1318,0,0.940592,1.91308,0.940601,1.91308
16.1,2.12129,0,0.837953,1.94877,0.837962,1.94877
16.2,2.11076,0,0.734497,1.97885,0.734505,1.97884
16.3,2.10022,0,0.630529,2.00334,0.630538,2.00334
16.4,2.08967,0,0.52637,2.02229,0.526378,2.02229
16.5,2.07911,0,0.422316,2.03576,0.422323,2.03576
16.6,2.06853,0,0.318656,2.04384,0.318663,2.04384
16.7,2.05795,0,0.215672,2.04662,0.215679,2.04662
16.8,2.04736,0,0.113628,2.0442,0.113634,2.0442
16.9,2.03676,0,0.0128029,2.03672,0.0128091,2.03672
17,2.02615,0,-0.0865624,2.0243,-0.0865566,2.0243
17.1,2.01554,0,-0.18423,2.0071,-0.184225,2.0071
17.2,2.00492,0,-0.279974,1.98527,-0.279969,1.98527
17.3,1.99429,0,-0.37359,1.95898,-0.373585,1.95899
17.4,1.98366,0,-0.464861,1.92842,-0.464857,1.92842
17.5,1.97302,0,-0.55361,1.89376,-0.553606,1.89376
17.6,1.96239,0,-0.639665,1.85521,-0.639661,1.85521
17.7,1.95174,0,-0.722866,1.81295,-0.722863,1.81295
17.8,1.9411,0,-0.803074,1.76719,-0.803071,1.76719
17.9,1.93046,0,-0.880147,1.71814,-0.880145,1.71814
18,1.91981,0,-0.953977,1.66601,-0.953974,1.66602
18.1,1.90917,0,-1.02446,1.61103,-1.02445,1.61103
18.2,1.89852,0,-1.0915,1.55339,-1.09149,1.55339
18.3,1.88788,0,-1.15503,1.49331,-1.15502,1.49332
18.4,1.87723,0,-1.21498,1.43103,-1.21497,1.43103
18.5,1.86659,0,-1.2713,1.36674,-1.2713,1.36674
18.6,1.85596,0,-1.32395,1.30066,-1.32395,1.30067
18.7,1.84533,0,-1.37292,1.23301,-1.37292,1.23301
18.8,1.8347,0,-1.41819,1.16398,-1.41819,1.16398
18.9,1.82407,0,-1.45974,1.0938,-1.45974,1.0938
19,1.81346,0,-1.4976,1.02265,-1.4976,1.02265
19.1,1.80284,0,-1.53178,0.950731,-1.53178,0.950732
19.2,1.79224,0,-1.56232,0.878235,-1.56231,0.878237
19.3,1.78164,0,-1.58924,0.805345,-1.58924,0.805346
19.4,1.77105,0,-1.61259,0.732247,-1.61259,0.732248
19.5,1.76047,0,-1.63243,0.65911,-1.63243,0.659112
19.6,1.7499,0,-1.64883,0.5861,-1.64883,0.586101
19.7,1.73934,0,-1.66185,0.513377,-1.66185,0.513378
19.8,1.72879,0,-1.67157,0.441089,-1.67157,0.44109
19.9,1.71825,0,-1.67808,0.369391,-1.67808,0.369392
20,1.70772,0,-1.68145,0.298414,-1.68145,0.298415
20.1,1.69721,0,-1.68179,0.228292,-1.68178,0.228293
20.2,1.68671,0,-1.67918,0.159145,-1.67918,0.159146
20.3,1.67622,0,-1.67374,0.091084,-1.67374,0.091085
20.4,1.66574,0,-1.66556,0.0242275,-1.66556,0.0242282
20.5,1.65528,0,-1.65476,-0.0413308,-1.65476,-0.0413304
20.6,1.64483,0,-1.64145,-0.105498,-1.64145,-0.105498
20.7,1.6344,0,-1.62573,-0.16819,-1.62573,-0.168189
20.8,1.62399,0,-1.60771,-0.229335,-1.60771,-0.229334
20.9,1.61359,0,-1.58753,-0.28885,-1.58753,-0.28885
21,1.60321,0,-1.56528,-0.34668,-1.56528,-0.346679
21.1,1.59285,0,-1.54109,-0.402768,-1.54109,-0.402768
21.2,1.5825,0,-1.51506,-0.457066,-1.51506,-0.457065
21.3,1.57218,0,-1.48732,-0.509533,-1.48732,-0.509533
21.4,1.56187,0,-1.45798,-0.560127,-1.45798,-0.560126
21.5,1.55158,0,-1.42715,-0.608821,-1.42715,-0.60882
21.6,1.54132,0,-1.39494,-0.655592,-1.39494,-0.655592
21.7,1.53107,0,-1.36147,-0.700421,-1.36147,-0.700421
21.8,1.52085,0,-1.32683,-0.743299,-1.32683,-0.743299
21.9,1.51064,0,-1.29114,-0.784213,-1.29114,-0.784213
22,1.50046,0,-1.25451,-0.823163,-1.25451,-0.823162
22.1,1.49031,0,-1.21703,-0.86015,-1.21703,-0.86015
22.2,1.48017,0,-1.17879,-0.895183,-1.17879,-0.895183
22.3,1.47006,0,-1.1399,-0.928275,-1.1399,-0.928275
22.4,1.45997,0,-1.10046,-0.959436,-1.10046,-0.959436
22.5,1.44991,0,-1.06054,-0.988687,-1.06054,-0.988686
22.6,1.43987,0,-1.02023,-1.01605,-1.02023,-1.01605
22.7,1.42986,0,-0.979631,-1.04155,-0.979631,-1.04155
22.8,1.41987,0,-0.938803,-1.06522,-0.938803,-1.06522
22.9,1.40992,0,-0.897835,-1.08708,-0.897835,-1.08708
23,1.39998,0,-0.856798,-1.10718,-0.856798,-1.10718
23.1,1.39008,0,-0.81576,-1.12554,-0.81576,-1.12554
23.2,1.3802,0,-0.77479,-1.14221,-0.77479,-1.14221
23.3,1.37035,0,-0.733948,-1.15723,-0.733948,-1.15723
23.4,1.36053,0,-0.693301,-1.17063,-0.693301,-1.17063
23.5,1.35073,0,-0.652901,-1.18245,-0.652901,-1.18245
23.6,1.34097,0,-0.612804,-1.19276,-0.612804,-1.19276
23.7,1.33123,0,-0.573059,-1.20158,-0.573059,-1.20158
23.8,1.32153,0,-0.533712,-1.20896,-0.533712,-1.20896
23.9,1.31186,0,-0.49481,-1.21496,-0.494811,-1.21496
24,1.30221,0,-0.456395,-1.21961,-0.456395,-1.21961
24.1,1.2926,0,-0.418502,-1.22298,-0.418502,-1.22298
24.2,1.28302,0,-0.381168,-1.22509,-0.381168,-1.22509
24.3,1.27347,0,-0.344421,-1.22601,-0.344421,-1.22601
24.4,1.26395,0,-0.308298,-1.22578,-0.308298,-1.22578
24.5,1.25447,0,-0.272822,-1.22444,-0.272822,-1.22444
24.6,1.24502,0,-0.238018,-1.22205,-0.238018,-1.22205
24.7,1.2356,0,-0.203907,-1.21866,-0.203907,-1.21866
24.8,1.22621,0,-0.170506,-1.2143,-0.170506,-1.2143
24.9,1.21686,0,-0.137838,-1.20903,-0.137838,-1.20903
25,1.20754,0,-0.105914,-1.20289,-0.105914,-1.20289
25.1,1.19826,0,-0.0747475,-1.19593,-0.0747477,-1.19593
25.2,1.18901,0,-0.0443497,-1.18819,-0.0443497,-1.18819
25.3,1.1798,0,-0.0147268,-1.17971,-0.0147268,-1.17971
25.4,1.17062,0,0.0141101,-1.17054,0.01411,-1.17054
25.5,1.16148,0,0.0421582,-1.16071,0.0421583,-1.16071
25.6,1.15237,0,0.0694133,-1.15028,0.0694133,-1.15028
25.7,1.1433,0,0.0958757,-1.13928,0.0958758,-1.13928
25.8,1.13427,0,0.121539,-1.12774,0.121539,-1.12774
25.9,1.12527,0,0.146413,-1.11571,0.146413,-1.11571
26,1.11631,0,0.170494,-1.10322,0.170494,-1.10322
26.1,1.10739,0,0.193784,-1.0903,0.193784,-1.0903
26.2,1.0985,0,0.216293,-1.077,0.216293,-1.077
26.3,1.08966,0,0.238021,-1.06334,0.238021,-1.06334
26.4,1.08085,0,0.258981,-1.04936,0.258981,-1.04936
26.5,1.07208,0,0.279177,-1.03509,0.279177,-1.03509
26.6,1.06334,0,0.298614,-1.02055,0.298614,-1.02055
26.7,1.05465,0,0.317309,-1.00578,0.317309,-1.00578
26.8,1.04599,0,0.335265,-0.990809,0.335265,-0.990809
26.9,1.03738,0,0.352498,-0.975653,0.352498,-0.975653
27,1.0288,0,0.369017,-0.960342,0.369017,-0.960342
27.1,1.02026,0,0.384831,-0.944904,0.384831,-0.944904
27.2,1.01177,0,0.399956,-0.929357,0.399956,-0.929357
27.3,1.00331,0,0.414402,-0.913727,0.414402,-0.913727
27.4,0.99489,0,0.428186,-0.898033,0.428185,-0.898033
27.5,0.986511,0,0.441318,-0.882294,0.441318,-0.882294
27.6,0.978175,0,0.45381,-0.866535,0.45381,-0.866535
27.7,0.969878,0,0.46568,-0.850767,0.46568,-0.850767
27.8,0.961622,0,0.476939,-0.835013,0.476939,-0.835013
27.9,0.953407,0,0.487603,-0.819285,0.487603,-0.819285
28,0.945232,0,0.497686,-0.8036,0.497686,-0.8036
28.1,0.9371,0,0.5072,-0.787975,0.5072,-0.787975
28.2,0.929008,0,0.516163,-0.772419,0.516163,-0.772419
28.3,0.920959,0,0.524587,-0.756951,0.524587,-0.75695
28.4,0.91295,0,0.532488,-0.741576,0.532488,-0.741576
28.5,0.904983,0,0.539879,-0.726309,0.539879,-0.726309
28.6,0.897059,0,0.546775,-0.711163,0.546775,-0.711163
28.7,0.889176,0,0.553191,-0.696143,0.553191,-0.696143
28.8,0.881336,0,0.559139,-0.681262,0.559139,-0.681262
28.9,0.873538,0,0.564635,-0.666525,0.564635,-0.666525
29,0.865781,0,0.569692,-0.651941,0.569692,-0.651941
29.1,0.858068,0,0.574324,-0.637521,0.574324,-0.637521
29.2,0.850397,0,0.578545,-0.623266,0.578545,-0.623266
29.3,0.842769,0,0.582368,-0.609186,0.582368,-0.609186
29.4,0.835183,0,0.585806,-0.595283,0.585806,-0.595283
29.5,0.827639,0,0.588872,-0.581564,0.588872,-0.581564
29.6,0.82014,0,0.591579,-0.568035,0.591579,-0.568035
29.7,0.812682,0,0.593939,-0.554697,0.593939,-0.554697
29.8,0.805269,0,0.595965,-0.541556,0.595965,-0.541556
29.9,0.797897,0,0.597669,-0.528613,0.597669,-0.528613
30,0.790569,0,0.599063,-0.515871,0.599063,-0.515871
30.1,0.783285,0,0.600158,-0.503334,0.600158,-0.503334
30.2,0.776043,0,0.600965,-0.491002,0.600965,-0.491002
30.3,0.768845,0,0.601496,-0.478878,0.601496,-0.478879
30.4,0.761689,0,0.601762,-0.466962,0.601762,-0.466962
30.5,0.754577,0,0.601773,-0.455255,0.601773,-0.455255
30.6,0.74751,0,0.601539,-0.443759,0.601539,-0.443759
30.7,0.740485,0,0.60107,-0.432472,0.60107,-0.432472
30.8,0.733504,0,0.600377,-0.421397,0.600377,-0.421397
30.9,0.726565,0,0.599468,-0.41053,0.599468,-0.41053
31,0.71967,0,0.598353,-0.399874,0.598353,-0.399874
31.1,0.712819,0,0.597041,-0.389427,0.597041,-0.389427
31.2,0.706011,0,0.595541,-0.379187,0.595541,-0.379187
31.3,0.699248,0,0.593861,-0.369156,0.593862,-0.369156
31.4,0.692527,0,0.59201,-0.359329,0.59201,-0.359329
31.5,0.685849,0,0.589995,-0.349706,0.589995,-0.349706
31.6,0.679216,0,0.587825,-0.340288,0.587825,-0.340288
31.7,0.672625,0,0.585506,-0.331069,0.585506,-0.331069
31.8,0.666079,0,0.583047,-0.322051,0.583047,-0.322051
31.9,0.659575,0,0.580454,-0.313229,0.580454,-0.313229
32,0.653114,0,0.577733,-0.304602,0.577733,-0.304602
32.1,0.646698,0,0.574893,-0.296169,0.574893,-0.296169
32.2,0.640324,0,0.571938,-0.287926,0.571938,-0.287926
32.3,0.633995,0,0.568877,-0.279873,0.568877,-0.279873
32.4,0.627707,0,0.565712,-0.272004,0.565712,-0.272004
32.5,0.621463,0,0.562452,-0.264318,0.562452,-0.264318
32.6,0.615263,0,0.559102,-0.256815,0.559102,-0.256815
32.7,0.609105,0,0.555666,-0.249488,0.555666,-0.249488
32.8,0.602991,0,0.552151,-0.242338,0.552151,-0.242338
32.9,0.59692,0,0.54856,-0.23536,0.54856,-0.23536
33,0.590891,0,0.5449,-0.228552,0.5449,-0.228552
33.1,0.584906,0,0.541174,-0.221912,0.541174,-0.221912
33.2,0.578962,0,0.537387,-0.215436,0.537387,-0.215436
33.3,0.573063,0,0.533543,-0.209122,0.533543,-0.209122
33.4,0.567205,0,0.529647,-0.202966,0.529647,-0.202966
33.5,0.56139,0,0.525702,-0.196966,0.525702,-0.196966
33.6,0.555618,0,0.521712,-0.19112,0.521712,-0.19112
33.7,0.549887,0,0.517681,-0.185424,0.517681,-0.185424
33.8,0.5442,0,0.513613,-0.179875,0.513613,-0.179875
33.9,0.538554,0,0.50951,-0.174471,0.50951,-0.174471
34,0.532951,0,0.505376,-0.169208,0.505376,-0.169208
34.1,0.52739,0,0.501215,-0.164084,0.501215,-0.164084
34.2,0.52187,0,0.497028,-0.159096,0.497028,-0.159096
34.3,0.516393,0,0.49282,-0.154242,0.49282,-0.154242
34.4,0.510957,0,0.488592,-0.149518,0.488592,-0.149518
34.5,0.505563,0,0.484347,-0.144921,0.484347,-0.144921
34.6,0.500211,0,0.480088,-0.14045,0.480088,-0.14045
34.7,0.4949,0,0.475817,-0.1361,0.475817,-0.1361
34.8,0.48963,0,0.471538,-0.131871,0.471538,-0.131871
34.9,0.484401,0,0.46725,-0.127758,0.46725,-0.127758
35,0.479214,0,0.462957,-0.123759,0.462957,-0.123759
35.1,0.474067,0,0.458662,-0.119873,0.458662,-0.119873
35.2,0.468961,0,0.454364,-0.116095,0.454364,-0.116095
35.3,0.463897,0,0.450068,-0.112424,0.450068,-0.112424
35.4,0.458872,0,0.445773,-0.108857,0.445773,-0.108857
35.5,0.453888,0,0.441482,-0.105391,0.441482,-0.105391
35.6,0.448944,0,0.437198,-0.102025,0.437198,-0.102025
35.7,0.444041,0,0.43292,-0.0987557,0.43292,-0.0987557
35.8,0.439178,0,0.42865,-0.0955811,0.42865,-0.0955811
35.9,0.434354,0,0.42439,-0.0924981,0.42439,-0.0924981
36,0.429569,0,0.420141,-0.089505,0.420141,-0.089505
36.1,0.424825,0,0.415905,-0.0866001,0.415905,-0.0866001
36.2,0.42012,0,0.411682,-0.0837801,0.411682,-0.0837801
36.3,0.415455,0,0.407474,-0.0810439,0.407474,-0.0810439
36.4,0.410829,0,0.403281,-0.0783884,0.403281,-0.0783884
36.5,0.406241,0,0.399104,-0.0758121,0.399104,-0.0758121
36.6,0.401693,0,0.394946,-0.0733132,0.394946,-0.0733132
36.7,0.397183,0,0.390805,-0.070889,0.390805,-0.070889
36.8,0.392712,0,0.386685,-0.0685382,0.386685,-0.0685382
36.9,0.388279,0,0.382583,-0.0662584,0.382583,-0.0662584
37,0.383884,0,0.378503,-0.0640478,0.378503,-0.0640478
37.1,0.379527,0,0.374445,-0.061905,0.374445,-0.061905
37.2,0.375208,0,0.370408,-0.0598275,0.370408,-0.0598275
37.3,0.370927,0,0.366394,-0.0578141,0.366394,-0.0578141
37.4,0.366684,0,0.362404,-0.0558627,0.362404,-0.0558627
37.5,0.362477,0,0.358437,-0.0539717,0.358437,-0.0539717
37.6,0.358309,0,0.354495,-0.0521397,0.354495,-0.0521397
37.7,0.354177,0,0.350577,-0.0503647,0.350577,-0.0503647
37.8,0.350082,0,0.346686,-0.0486455,0.346686,-0.0486455
37.9,0.346023,0,0.342819,-0.0469801,0.342819,-0.0469801
38,0.342001,0,0.338979,-0.0453673,0.338979,-0.0453673
38.1,0.338016,0,0.335166,-0.0438057,0.335166,-0.0438057
38.2,0.334067,0,0.331379,-0.0422935,0.331379,-0.0422935
38.3,0.330154,0,0.327619,-0.0408297,0.327619,-0.0408297
38.4,0.326276,0,0.323887,-0.0394125,0.323887,-0.0394125
38.5,0.322434,0,0.320182,-0.0380408,0.320182,-0.0380408
38.6,0.318627,0,0.316505,-0.0367134,0.316505,-0.0367134
38.7,0.314856,0,0.312856,-0.0354287,0.312856,-0.0354287
38.8,0.31112,0,0.309236,-0.0341859,0.309236,-0.0341859
38.9,0.307418,0,0.305644,-0.0329832,0.305644,-0.0329832
39,0.303751,0,0.30208,-0.0318198,0.30208,-0.0318198
39.1,0.300119,0,0.298546,-0.0306947,0.298546,-0.0306947
39.2,0.296521,0,0.29504,-0.0296063,0.29504,-0.0296063
39.3,0.292958,0,0.291563,-0.028554,0.291563,-0.028554
39.4,0.289428,0,0.288115,-0.0275362,0.288115,-0.0275362
39.5,0.285931,0,0.284696,-0.0265522,0.284696,-0.0265522
39.6,0.282469,0,0.281306,-0.025601,0.281306,-0.025601
39.7,0.279039,0,0.277946,-0.0246814,0.277946,-0.0246814
39.8,0.275644,0,0.274615,-0.0237927,0.274615,-0.0237927
39.9,0.27228,0,0.271313,-0.0229337,0.271313,-0.0229337
40,0.268949,0,0.26804,-0.0221036,0.26804,-0.0221036
40.1,0.265652,0,0.264796,-0.0213017,0.264796,-0.0213017
40.2,0.262386,0,0.261582,-0.0205267,0.261582,-0.0205267
40.3,0.259153,0,0.258397,-0.0197782,0.258397,-0.0197782
40.4,0.255951,0,0.255241,-0.0190551,0.255241,-0.0190551
40.5,0.252781,0,0.252114,-0.0183567,0.252114,-0.0183567
40.6,0.249644,0,0.249017,-0.0176823,0.249017,-0.0176823
40.7,0.246537,0,0.245948,-0.017031,0.245948,-0.017031
40.8,0.243461,0,0.242908,-0.0164022,0.242908,-0.0164022
40.9,0.240417,0,0.239897,-0.0157951,0.239897,-0.0157951
41,0.237403,0,0.236915,-0.015209,0.236915,-0.015209
41.1,0.234419,0,0.233962,-0.0146433,0.233962,-0.0146433
41.2,0.231466,0,0.231037,-0.0140973,0.231037,-0.0140973
41.3,0.228544,0,0.228141,-0.0135704,0.228141,-0.0135704
41.4,0.225651,0,0.225272,-0.013062,0.225272,-0.013062
41.5,0.222788,0,0.222433,-0.0125714,0.222433,-0.0125714
41.6,0.219954,0,0.219621,-0.0120981,0.219621,-0.0120981
41.7,0.21715,0,0.216838,-0.0116416,0.216838,-0.0116416
41.8,0.214375,0,0.214082,-0.0112012,0.214082,-0.0112012
41.9,0.211629,0,0.211354,-0.0107765,0.211354,-0.0107765
42,0.208911,0,0.208654,-0.0103669,0.208654,-0.0103669
42.1,0.206223,0,0.205981,-0.00997198,0.205982,-0.00997198
42.2,0.203562,0,0.203336,-0.00959116,0.203336,-0.00959116
42.3,0.20093,0,0.200718,-0.00922408,0.200718,-0.00922408
42.4,0.198325,0,0.198127,-0.00887016,0.198127,-0.00887016
42.5,0.195749,0,0.195563,-0.00852903,0.195563,-0.00852903
42.6,0.1932,0,0.193026,-0.0082003,0.193026,-0.0082003
42.7,0.190678,0,0.190515,-0.00788345,0.190515,-0.00788345
42.8,0.188183,0,0.188031,-0.0075782,0.188031,-0.0075782
42.9,0.185715,0,0.185572,-0.00728403,0.185572,-0.00728404
43,0.183274,0,0.18314,-0.00700064,0.18314,-0.00700064
43.1,0.18086,0,0.180734,-0.00672769,0.180734,-0.00672769
43.2,0.178471,0,0.178354,-0.00646473,0.178354,-0.00646473
43.3,0.176109,0,0.176,-0.00621152,0.176,-0.00621152
43.4,0.173773,0,0.17367,-0.00596763,0.17367,-0.00596763
43.5,0.171462,0,0.171366,-0.00573278,0.171366,-0.00573278
43.6,0.169177,0,0.169088,-0.0055067,0.169088,-0.0055067
43.7,0.166918,0,0.166834,-0.00528901,0.166834,-0.00528901
43.8,0.164683,0,0.164605,-0.00507949,0.164605,-0.00507949
43.9,0.162473,0,0.1624,-0.00487778,0.1624,-0.00487778
44,0.160288,0,0.16022,-0.00468365,0.16022,-0.00468365
44.1,0.158128,0,0.158064,-0.00449685,0.158064,-0.00449685
44.2,0.155992,0,0.155932,-0.00431708,0.155932,-0.00431708
44.3,0.15388,0,0.153824,-0.00414413,0.153824,-0.00414413
44.4,0.151792,0,0.151739,-0.00397773,0.151739,-0.00397773
44.5,0.149727,0,0.149678,-0.00381764,0.149678,-0.00381764
44.6,0.147686,0,0.147641,-0.00366369,0.147641,-0.00366369
44.7,0.145669,0,0.145626,-0.00351559,0.145626,-0.00351559
44.8,0.143674,0,0.143635,-0.00337319,0.143635,-0.00337319
44.9,0.141703,0,0.141666,-0.00323624,0.141666,-0.00323624
45,0.139754,0,0.13972,-0.00310455,0.13972,-0.00310455
45.1,0.137828,0,0.137796,-0.00297797,0.137796,-0.00297797
45.2,0.135924,0,0.135894,-0.00285627,0.135894,-0.00285627
45.3,0.134043,0,0.134015,-0.00273931,0.134015,-0.00273931
45.4,0.132183,0,0.132157,-0.00262687,0.132157,-0.00262687
45.5,0.130345,0,0.130321,-0.00251882,0.130321,-0.00251882
45.6,0.128529,0,0.128506,-0.002415,0.128506,-0.002415
45.7,0.126734,0,0.126713,-0.00231524,0.126713,-0.00231524
45.8,0.12496,0,0.124941,-0.0022194,0.124941,-0.0022194
45.9,0.123208,0,0.123189,-0.00212732,0.123189,-0.00212732
46,0.121476,0,0.121459,-0.00203887,0.121459,-0.00203887
46.1,0.119765,0,0.119749,-0.00195393,0.119749,-0.00195393
46.2,0.118074,0,0.118059,-0.00187234,0.118059,-0.00187234
46.3,0.116404,0,0.11639,-0.00179401,0.11639,-0.00179401
46.4,0.114753,0,0.11474,-0.00171878,0.11474,-0.00171878
46.5,0.113123,0,0.113111,-0.00164656,0.113111,-0.00164656
46.6,0.111512,0,0.111501,-0.00157723,0.111501,-0.00157723
46.7,0.109921,0,0.109911,-0.00151068,0.109911,-0.00151068
46.8,0.10835,0,0.10834,-0.0014468,0.10834,-0.0014468
46.9,0.106797,0,0.106788,-0.00138549,0.106788,-0.00138549
47,0.105263,0,0.105255,-0.00132666,0.105255,-0.00132666
47.1,0.103749,0,0.103741,-0.00127022,0.103741,-0.00127022
47.2,0.102252,0,0.102245,-0.00121605,0.102245,-0.00121605
47.3,0.100775,0,0.100768,-0.0011641,0.100768,-0.0011641
47.4,0.0993156,0,0.0993093,-0.00111425,0.0993093,-0.00111425
47.5,0.0978743,0,0.0978685,-0.00106644,0.0978685,-0.00106644
47.6,0.0964512,0,0.0964458,-0.0010206,0.0964458,-0.0010206
47.7,0.0950456,0,0.0950405,-0.000976628,0.0950405,-0.000976628
47.8,0.0936578,0,0.0936532,-0.000934471,0.0936531,-0.000934471
47.9,0.0922872,0,0.0922829,-0.000894045,0.0922829,-0.000894045
48,0.0909339,0,0.0909299,-0.000855288,0.0909299,-0.000855288
48.1,0.0895979,0,0.0895942,-0.000818143,0.0895942,-0.000818143
48.2,0.0882786,0,0.0882751,-0.000782532,0.0882751,-0.000782532
48.3,0.0869762,0,0.086973,-0.000748406,0.086973,-0.000748406
48.4,0.0856903,0,0.0856873,-0.000715699,0.0856873,-0.000715699
48.5,0.0844207,0,0.0844179,-0.000684357,0.0844179,-0.000684357
48.6,0.0831675,0,0.0831649,-0.000654332,0.083165,-0.000654332
48.7,0.0819303,0,0.0819279,-0.000625563,0.0819279,-0.000625563
48.8,0.0807091,0,0.0807069,-0.000598006,0.0807069,-0.000598006
48.9,0.0795036,0,0.0795016,-0.000571607,0.0795015,-0.000571607
49,0.0783136,0,0.0783117,-0.000546323,0.0783117,-0.000546323
49.1,0.0771392,0,0.0771375,-0.000522112,0.0771375,-0.000522112
49.2,0.07598,0,0.0759784,-0.000498926,0.0759784,-0.000498926
49.3,0.074836,0,0.0748345,-0.000476727,0.0748345,-0.000476727
49.4,0.0737068,0,0.0737054,-0.000455471,0.0737054,-0.000455471
49.5,0.0725924,0,0.0725911,-0.000435123,0.0725911,-0.000435123
49.6,0.0714928,0,0.0714916,-0.000415648,0.0714916,-0.000415648
49.7,0.0704075,0,0.0704064,-0.000397005,0.0704064,-0.000397005
49.8,0.0693368,0,0.0693358,-0.000379167,0.0693358,-0.000379167
49.9,0.0682801,0,0.0682791,-0.000362093,0.0682791,-0.000362093
50,0.0672374,0,0.0672365,-0.000345757,0.0672365,-0.000345757
50.1,0.0662087,0,0.0662079,-0.000330129,0.0662079,-0.00033013
50.2,0.0651936,0,0.0651928,-0.000315177,0.0651928,-0.000315177
50.3,0.0641923,0,0.0641915,-0.000300876,0.0641916,-0.000300876
50.4,0.0632042,0,0.0632035,-0.000287195,0.0632035,-0.000287195
50.5,0.0622294,0,0.0622288,-0.000274111,0.0622288,-0.000274111
50.6,0.0612679,0,0.0612674,-0.000261601,0.0612674,-0.000261601
50.7,0.0603193,0,0.0603188,-0.000249637,0.0603188,-0.000249637
50.8,0.0593837,0,0.0593832,-0.000238199,0.0593832,-0.000238199
50.9,0.0584606,0,0.0584601,-0.000227263,0.0584601,-0.000227263
51,0.0575501,0,0.0575497,-0.000216809,0.0575497,-0.000216809
51.1,0.0566522,0,0.0566518,-0.000206819,0.0566518,-0.000206819
51.2,0.0557664,0,0.0557661,-0.000197269,0.0557661,-0.000197269
51.3,0.054893,0,0.0548927,-0.000188144,0.0548927,-0.000188144
51.4,0.0540314,0,0.0540311,-0.000179423,0.0540311,-0.000179423
51.5,0.0531817,0,0.0531814,-0.000171091,0.0531814,-0.000171091
51.6,0.0523439,0,0.0523436,-0.000163132,0.0523436,-0.000163132
51.7,0.0515175,0,0.0515173,-0.000155527,0.0515173,-0.000155527
51.8,0.0507028,0,0.0507026,-0.000148264,0.0507026,-0.000148264
51.9,0.0498993,0,0.0498991,-0.000141327,0.0498991,-0.000141327
52,0.049107,0,0.0491068,-0.000134701,0.0491068,-0.000134701
52.1,0.048326,0,0.0483258,-0.000128376,0.0483258,-0.000128376
52.2,0.0475557,0,0.0475556,-0.000122335,0.0475556,-0.000122335
52.3,0.0467964,0,0.0467963,-0.000116568,0.0467963,-0.000116568
52.4,0.0460478,0,0.0460476,-0.000111062,0.0460476,-0.000111062
52.5,0.0453097,0,0.0453095,-0.000105807,0.0453095,-0.000105807
52.6,0.0445821,0,0.044582,-0.000100791,0.044582,-0.000100791
52.7,0.0438648,0,0.0438647,-9.6004e-05,0.0438647,-9.6004e-05
52.8,0.0431578,0,0.0431577,-9.14363e-05,0.0431577,-9.14363e-05
52.9,0.0424608,0,0.0424607,-8.70772e-05,0.0424607,-8.70772e-05
53,0.0417737,0,0.0417737,-8.29184e-05,0.0417737,-8.29184e-05
53.1,0.0410966,0,0.0410966,-7.89514e-05,0.0410966,-7.89514e-05
53.2,0.0404292,0,0.0404291,-7.51668e-05,0.0404291,-7.51668e-05
53.3,0.0397714,0,0.0397714,-7.15574e-05,0.0397714,-7.15574e-05
53.4,0.0391231,0,0.039123,-6.81145e-05,0.039123,-6.81145e-05
53.5,0.0384841,0,0.0384841,-6.48314e-05,0.0384841,-6.48314e-05
53.6,0.0378545,0,0.0378545,-6.17012e-05,0.0378545,-6.17012e-05
53.7,0.037234,0,0.0372339,-5.87163e-05,0.0372339,-5.87163e-05
53.8,0.0366226,0,0.0366225,-5.58711e-05,0.0366225,-5.58711e-05
53.9,0.03602,0,0.0360199,-5.31584e-05,0.0360199,-5.31584e-05
54,0.0354262,0,0.0354262,-5.05727e-05,0.0354262,-5.05727e-05
54.1,0.0348413,0,0.0348413,-4.81087e-05,0.0348413,-4.81087e-05
54.2,0.0342649,0,0.0342648,-4.57602e-05,0.0342648,-4.57602e-05
54.3,0.033697,0,0.033697,-4.35227e-05,0.033697,-4.35227e-05
54.4,0.0331375,0,0.0331375,-4.13904e-05,0.0331375,-4.13904e-05
54.5,0.0325862,0,0.0325862,-3.9359e-05,0.0325862,-3.9359e-05
54.6,0.0320433,0,0.0320432,-3.74241e-05,0.0320432,-3.74241e-05
54.7,0.0315083,0,0.0315082,-3.55807e-05,0.0315082,-3.55807e-05
54.8,0.0309813,0,0.0309813,-3.38253e-05,0.0309813,-3.38253e-05
54.9,0.0304622,0,0.0304622,-3.21532e-05,0.0304622,-3.21532e-05
55,0.0299508,0,0.0299508,-3.0561e-05,0.0299508,-3.0561e-05
55.1,0.0294472,0,0.0294472,-2.90452e-05,0.0294472,-2.90452e-05
55.2,0.0289511,0,0.0289511,-2.76018e-05,0.0289511,-2.76018e-05
55.3,0.0284626,0,0.0284626,-2.62279e-05,0.0284626,-2.62279e-05
55.4,0.0279813,0,0.0279813,-2.49199e-05,0.0279813,-2.49199e-05
55.5,0.0275074,0,0.0275074,-2.36749e-05,0.0275074,-2.36749e-05
55.6,0.0270407,0,0.0270407,-2.24903e-05,0.0270407,-2.24903e-05
55.7,0.026581,0,0.026581,-2.13627e-05,0.026581,-2.13627e-05
55.8,0.0261284,0,0.0261284,-2.029e-05,0.0261284,-2.029e-05
55.9,0.0256827,0,0.0256827,-1.92692e-05,0.0256827,-1.92692e-05
56,0.0252438,0,0.0252438,-1.82981e-05,0.0252438,-1.82981e-05
56.1,0.0248117,0,0.0248117,-1.73744e-05,0.0248117,-1.73744e-05
56.2,0.0243862,0,0.0243862,-1.64958e-05,0.0243862,-1.64958e-05
56.3,0.0239673,0,0.0239673,-1.56602e-05,0.0239673,-1.56602e-05
56.4,0.0235548,0,0.0235548,-1.48655e-05,0.0235548,-1.48655e-05
56.5,0.0231487,0,0.0231487,-1.41098e-05,0.0231487,-1.41098e-05
56.6,0.0227489,0,0.0227489,-1.33913e-05,0.0227489,-1.33913e-05
56.7,0.0223553,0,0.0223553,-1.27082e-05,0.0223553,-1.27082e-05
56.8,0.0219679,0,0.0219679,-1.20589e-05,0.0219679,-1.20589e-05
56.9,0.0215865,0,0.0215865,-1.14417e-05,0.0215865,-1.14417e-05
57,0.0212111,0,0.0212111,-1.0855e-05,0.0212111,-1.0855e-05
57.1,0.0208416,0,0.0208416,-1.02975e-05,0.0208416,-1.02975e-05
57.2,0.0204778,0,0.0204778,-9.76772e-06,0.0204778,-9.76772e-06
57.3,0.0201199,0,0.0201199,-9.2644e-06,0.0201199,-9.26439e-06
57.4,0.0197675,0,0.0197675,-8.78611e-06,0.0197675,-8.78611e-06
57.5,0.0194207,0,0.0194207,-8.33176e-06,0.0194207,-8.33176e-06
57.6,0.0190795,0,0.0190795,-7.90023e-06,0.0190795,-7.90023e-06
57.7,0.0187436,0,0.0187436,-7.49029e-06,0.0187436,-7.49029e-06
57.8,0.0184131,0,0.0184131,-7.10104e-06,0.0184131,-7.10104e-06
57.9,0.0180878,0,0.0180878,-6.73133e-06,0.0180878,-6.73133e-06
58,0.0177678,0,0.0177678,-6.38028e-06,0.0177678,-6.38028e-06
58.1,0.0174529,0,0.0174529,-6.04704e-06,0.0174529,-6.04704e-06
58.2,0.017143,0,0.017143,-5.73061e-06,0.017143,-5.73061e-06
58.3,0.0168381,0,0.0168381,-5.4303e-06,0.0168381,-5.4303e-06
58.4,0.0165381,0,0.0165381,-5.14519e-06,0.0165381,-5.14519e-06
58.5,0.016243,0,0.016243,-4.87461e-06,0.016243,-4.87461e-06
58.6,0.0159527,0,0.0159527,-4.61787e-06,0.0159527,-4.61787e-06
58.7,0.015667,0,0.015667,-4.37421e-06,0.015667,-4.37421e-06
58.8,0.015386,0,0.015386,-4.14306e-06,0.015386,-4.14306e-06
58.9,0.0151096,0,0.0151096,-3.92373e-06,0.0151096,-3.92373e-06
59,0.0148376,0,0.0148376,-3.71566e-06,0.0148376,-3.71566e-06
59.1,0.0145702,0,0.0145702,-3.51834e-06,0.0145702,-3.51834e-06
59.2,0.0143071,0,0.0143071,-3.33116e-06,0.0143071,-3.33116e-06
59.3,0.0140483,0,0.0140483,-3.15366e-06,0.0140483,-3.15366e-06
59.4,0.0137938,0,0.0137938,-2.98533e-06,0.0137938,-2.98533e-06
59.5,0.0135435,0,0.0135435,-2.82572e-06,0.0135435,-2.82572e-06
59.6,0.0132973,0,0.0132973,-2.67443e-06,0.0132973,-2.67443e-06
59.7,0.0130552,0,0.0130552,-2.53097e-06,0.0130552,-2.53097e-06
59.8,0.0128171,0,0.0128171,-2.39501e-06,0.0128171,-2.39501e-06
59.9,0.0125829,0,0.0125829,-2.26612e-06,0.0125829,-2.26612e-06
60,0.0123526,0,0.0123526,-2.14397e-06,0.0123526,-2.14397e-06
60.1,0.0121262,0,0.0121262,-2.02824e-06,0.0121262,-2.02824e-06
60.2,0.0119036,0,0.0119036,-1.91856e-06,0.0119036,-1.91856e-06
60.3,0.0116847,0,0.0116847,-1.81466e-06,0.0116847,-1.81466e-06
60.4,0.0114695,0,0.0114695,-1.71621e-06,0.0114695,-1.71621e-06
60.5,0.0112578,0,0.0112578,-1.62295e-06,0.0112578,-1.62295e-06
60.6,0.0110498,0,0.0110498,-1.53463e-06,0.0110498,-1.53463e-06
60.7,0.0108452,0,0.0108452,-1.45097e-06,0.0108452,-1.45097e-06
60.8,0.0106442,0,0.0106442,-1.37176e-06,0.0106442,-1.37176e-06
60.9,0.0104465,0,0.0104465,-1.29674e-06,0.0104465,-1.29674e-06
61,0.0102522,0,0.0102522,-1.22571e-06,0.0102522,-1.22571e-06
61.1,0.0100612,0,0.0100612,-1.15848e-06,0.0100612,-1.15848e-06
61.2,0.0098734,0,0.0098734,-1.09482e-06,0.0098734,-1.09482e-06
61.3,0.00968886,0,0.00968886,-1.03457e-06,0.00968886,-1.03457e-06
61.4,0.00950746,0,0.00950746,-9.7754e-07,0.00950746,-9.7754e-07
61.5,0.00932916,0,0.00932916,-9.23567e-07,0.00932916,-9.23567e-07
61.6,0.00915394,0,0.00915394,-8.72501e-07,0.00915394,-8.72501e-07
61.7,0.00898172,0,0.00898172,-8.24175e-07,0.00898172,-8.24175e-07
61.8,0.00881248,0,0.00881248,-7.7846e-07,0.00881248,-7.7846e-07
61.9,0.00864616,0,0.00864616,-7.3521e-07,0.00864616,-7.3521e-07
62,0.00848271,0,0.00848271,-6.94296e-07,0.00848271,-6.94296e-07
62.1,0.00832211,0,0.00832211,-6.55603e-07,0.00832211,-6.55603e-07
62.2,0.00816427,0,0.00816427,-6.19005e-07,0.00816427,-6.19005e-07
62.3,0.00800921,0,0.00800921,-5.844e-07,0.00800921,-5.844e-07
62.4,0.00785683,0,0.00785683,-5.51675e-07,0.00785683,-5.51675e-07
62.5,0.00770712,0,0.00770712,-5.20735e-07,0.00770712,-5.20736e-07
62.6,0.00756004,0,0.00756004,-4.91488e-07,0.00756004,-4.91488e-07
62.7,0.00741552,0,0.00741552,-4.63837e-07,0.00741552,-4.63837e-07
62.8,0.00727355,0,0.00727355,-4.37704e-07,0.00727355,-4.37704e-07
62.9,0.00713407,0,0.00713407,-4.13003e-07,0.00713407,-4.13003e-07
63,0.00699705,0,0.00699705,-3.89661e-07,0.00699705,-3.89661e-07
63.1,0.00686247,0,0.00686247,-3.67605e-07,0.00686247,-3.67605e-07
63.2,0.00673024,0,0.00673024,-3.46763e-07,0.00673024,-3.46763e-07
63.3,0.00660038,0,0.00660038,-3.27076e-07,0.00660038,-3.27076e-07
63.4,0.00647281,0,0.00647281,-3.08475e-07,0.00647281,-3.08475e-07
63.5,0.00634751,0,0.00634751,-2.90904e-07,0.00634751,-2.90904e-07
63.6,0.00622446,0,0.00622446,-2.74313e-07,0.00622446,-2.74313e-07
63.7,0.00610359,0,0.00610359,-2.58641e-07,0.00610359,-2.58641e-07
63.8,0.0059849,0,0.0059849,-2.43844e-07,0.0059849,-2.43844e-07
63.9,0.00586832,0,0.00586832,-2.2987e-07,0.00586832,-2.2987e-07
64,0.00575383,0,0.00575383,-2.16677e-07,0.00575383,-2.16677e-07
64.1,0.00564143,0,0.00564143,-2.04225e-07,0.00564143,-2.04225e-07
64.2,0.00553103,0,0.00553103,-1.92468e-07,0.00553103,-1.92468e-07
64.3,0.00542263,0,0.00542263,-1.81373e-07,0.00542263,-1.81373e-07
64.4,0.00531619,0,0.00531619,-1.709e-07,0.00531619,-1.709e-07
64.5,0.00521167,0,0.00521167,-1.61017e-07,0.00521167,-1.61017e-07
64.6,0.00510907,0,0.00510907,-1.51693e-07,0.00510907,-1.51693e-07
64.7,0.00500832,0,0.00500832,-1.42895e-07,0.00500832,-1.42895e-07
64.8,0.00490941,0,0.00490941,-1.34595e-07,0.00490941,-1.34595e-07
64.9,0.0048123,0,0.0048123,-1.26765e-07,0.0048123,-1.26765e-07
65,0.00471696,0,0.00471696,-1.19379e-07,0.00471696,-1.19379e-07
65.1,0.00462339,0,0.00462339,-1.12414e-07,0.00462339,-1.12414e-07
65.2,0.00453151,0,0.00453151,-1.05845e-07,0.00453151,-1.05845e-07
65.3,0.00444134,0,0.00444134,-9.96512e-08,0.00444134,-9.96512e-08
65.4,0.00435281,0,0.00435281,-9.38104e-08,0.00435281,-9.38104e-08
65.5,0.00426592,0,0.00426592,-8.83038e-08,0.00426592,-8.83038e-08
65.6,0.00418065,0,0.00418065,-8.31134e-08,0.00418065,-8.31134e-08
65.7,0.00409694,0,0.00409694,-7.82206e-08,0.00409694,-7.82206e-08
65.8,0.0040148,0,0.0040148,-7.36093e-08,0.0040148,-7.36093e-08
65.9,0.00393417,0,0.00393417,-6.92628e-08,0.00393417,-6.92628e-08
66,0.00385504,0,0.00385504,-6.5167e-08,0.00385504,-6.5167e-08
66.1,0.0037774,0,0.0037774,-6.13083e-08,0.0037774,-6.13083e-08
66.2,0.0037012,0,0.0037012,-5.76724e-08,0.0037012,-5.76724e-08
66.3,0.00362643,0,0.00362643,-5.42474e-08,0.00362643,-5.42474e-08
66.4,0.00355305,0,0.00355305,-5.10207e-08,0.00355305,-5.10207e-08
66.5,0.00348105,0,0.00348105,-4.79814e-08,0.00348105,-4.79814e-08
66.6,0.00341042,0,0.00341042,-4.51194e-08,0.00341042,-4.51194e-08
66.7,0.0033411,0,0.0033411,-4.24239e-08,0.0033411,-4.24239e-08
66.8,0.00327311,0,0.00327311,-3.98862e-08,0.00327311,-3.98862e-08
66.9,0.00320639,0,0.00320639,-3.74963e-08,0.00320639,-3.74963e-08
67,0.00314093,0,0.00314093,-3.52464e-08,0.00314093,-3.52464e-08
67.1,0.00307672,0,0.00307672,-3.31287e-08,0.00307672,-3.31287e-08
67.2,0.00301372,0,0.00301372,-3.11351e-08,0.00301372,-3.11351e-08
67.3,0.00295194,0,0.00295194,-2.92592e-08,0.00295194,-2.92592e-08
67.4,0.00289132,0,0.00289132,-2.74934e-08,0.00289132,-2.74934e-08
67.5,0.00283185,0,0.00283185,-2.58317e-08,0.00283185,-2.58317e-08
67.6,0.00277354,0,0.00277354,-2.42685e-08,0.00277354,-2.42685e-08
67.7,0.00271633,0,0.00271633,-2.27975e-08,0.00271633,-2.27975e-08
67.8,0.00266023,0,0.00266023,-2.1414e-08,0.00266023,-2.1414e-08
67.9,0.0026052,0,0.0026052,-2.01124e-08,0.0026052,-2.01124e-08
68,0.00255123,0,0.00255123,-1.88881e-08,0.00255123,-1.88881e-08
68.1,0.0024983,0,0.0024983,-1.77369e-08,0.0024983,-1.77369e-08
68.2,0.0024464,0,0.0024464,-1.66541e-08,0.0024464,-1.66541e-08
68.3,0.0023955,0,0.0023955,-1.56362e-08,0.0023955,-1.56362e-08
68.4,0.00234559,0,0.00234559,-1.4679e-08,0.00234559,-1.4679e-08
68.5,0.00229664,0,0.00229664,-1.37791e-08,0.00229664,-1.37791e-08
68.6,0.00224865,0,0.00224865,-1.29332e-08,0.00224865,-1.29332e-08
68.7,0.00220159,0,0.00220159,-1.21381e-08,0.00220159,-1.21381e-08
68.8,0.00215546,0,0.00215546,-1.13909e-08,0.00215546,-1.13909e-08
68.9,0.00211022,0,0.00211022,-1.06887e-08,0.00211022,-1.06887e-08
69,0.00206587,0,0.00206587,-1.00288e-08,0.00206587,-1.00288e-08
69.1,0.00202239,0,0.00202239,-9.40881e-09,0.00202239,-9.40881e-09
69.2,0.00197976,0,0.00197976,-8.82628e-09,0.00197976,-8.82628e-09
69.3,0.00193797,0,0.00193797,-8.27913e-09,0.00193797,-8.27913e-09
69.4,0.00189701,0,0.00189701,-7.76514e-09,0.00189701,-7.76514e-09
69.5,0.00185685,0,0.00185685,-7.28236e-09,0.00185685,-7.28236e-09
69.6,0.00181749,0,0.00181749,-6.82902e-09,0.00181749,-6.82902e-09
69.7,0.00177891,0,0.00177891,-6.40326e-09,0.00177891,-6.40326e-09
69.8,0.00174109,0,0.00174109,-6.00354e-09,0.00174109,-6.00354e-09
69.9,0.00170403,0,0.00170403,-5.6282e-09,0.00170403,-5.6282e-09
70,0.0016677,0,0.0016677,-5.27586e-09,0.0016677,-5.27586e-09
70.1,0.0016321,0,0.0016321,-4.94515e-09,0.0016321,-4.94515e-09
70.2,0.0015972,0,0.0015972,-4.63469e-09,0.0015972,-4.63469e-09
70.3,0.00156301,0,0.00156301,-4.34337e-09,0.00156301,-4.34337e-09
70.4,0.0015295,0,0.0015295,-4.06994e-09,0.0015295,-4.06994e-09
70.5,0.00149666,0,0.00149666,-3.81339e-09,0.00149666,-3.81339e-09
70.6,0.00146449,0,0.00146449,-3.5727e-09,0.00146449,-3.5727e-09
70.7,0.00143295,0,0.00143295,-3.34686e-09,0.00143295,-3.34686e-09
70.8,0.00140206,0,0.00140206,-3.13503e-09,0.00140206,-3.13503e-09
70.9,0.00137179,0,0.00137179,-2.93632e-09,0.00137179,-2.93632e-09
71,0.00134213,0,0.00134213,-2.74994e-09,0.00134213,-2.74994e-09
71.1,0.00131308,0,0.00131308,-2.57519e-09,0.00131308,-2.57519e-09
71.2,0.00128461,0,0.00128461,-2.41129e-09,0.00128461,-2.41129e-09
71.3,0.00125672,0,0.00125672,-2.25764e-09,0.00125672,-2.25764e-09
71.4,0.00122939,0,0.00122939,-2.11356e-09,0.00122939,-2.11356e-09
71.5,0.00120263,0,0.00120263,-1.97849e-09,0.00120263,-1.97849e-09
71.6,0.00117641,0,0.00117641,-1.85191e-09,0.00117641,-1.85191e-09
71.7,0.00115073,0,0.00115073,-1.73324e-09,0.00115073,-1.73324e-09
71.8,0.00112557,0,0.00112557,-1.62205e-09,0.00112557,-1.62205e-09
71.9,0.00110093,0,0.00110093,-1.51783e-09,0.00110093,-1.51783e-09
72,0.0010768,0,0.0010768,-1.42017e-09,0.0010768,-1.42017e-09
72.1,0.00105316,0,0.00105316,-1.3287e-09,0.00105316,-1.3287e-09
72.2,0.00103001,0,0.00103001,-1.24298e-09,0.00103001,-1.24298e-09
72.3,0.00100734,0,0.00100734,-1.1627e-09,0.00100734,-1.1627e-09
72.4,0.000985134,0,0.000985134,-1.08749e-09,0.000985134,-1.08749e-09
72.5,0.000963389,0,0.000963389,-1.01706e-09,0.000963389,-1.01706e-09
72.6,0.000942099,0,0.000942099,-9.51109e-10,0.000942099,-9.51109e-10
72.7,0.000921246,0,0.000921246,-8.89341e-10,0.000921246,-8.89341e-10
72.8,0.000900831,0,0.000900831,-8.31516e-10,0.000900831,-8.31516e-10
72.9,0.000880837,0,0.000880837,-7.77371e-10,0.000880837,-7.77371e-10
73,0.000861261,0,0.000861261,-7.26685e-10,0.000861261,-7.26685e-10
73.1,0.000842097,0,0.000842097,-6.79247e-10,0.000842097,-6.79247e-10
73.2,0.000823333,0,0.000823333,-6.34845e-10,0.000823333,-6.34845e-10
73.3,0.000804963,0,0.000804963,-5.93293e-10,0.000804963,-5.93293e-10
73.4,0.000786976,0,0.000786976,-5.54404e-10,0.000786976,-5.54404e-10
73.5,0.000769368,0,0.000769368,-5.18016e-10,0.000769368,-5.18016e-10
73.6,0.000752133,0,0.000752133,-4.83977e-10,0.000752133,-4.83977e-10
73.7,0.00073526,0,0.00073526,-4.5213e-10,0.00073526,-4.5213e-10
73.8,0.000718744,0,0.000718744,-4.22342e-10,0.000718744,-4.22342e-10
73.9,0.000702576,0,0.000702576,-3.94476e-10,0.000702576,-3.94476e-10
74,0.00068675,0,0.00068675,-3.68415e-10,0.00068675,-3.68415e-10
74.1,0.000671262,0,0.000671262,-3.44047e-10,0.000671262,-3.44047e-10
74.2,0.000656101,0,0.000656101,-3.21258e-10,0.000656101,-3.21258e-10
74.3,0.000641266,0,0.000641266,-2.99955e-10,0.000641266,-2.99955e-10
74.4,0.000626744,0,0.000626744,-2.80035e-10,0.000626744,-2.80035e-10
74.5,0.000612532,0,0.000612532,-2.61413e-10,0.000612532,-2.61413e-10
74.6,0.000598626,0,0.000598626,-2.4401e-10,0.000598626,-2.4401e-10
74.7,0.000585015,0,0.000585015,-2.27742e-10,0.000585015,-2.27742e-10
74.8,0.000571699,0,0.000571699,-2.12542e-10,0.000571699,-2.12542e-10
74.9,0.000558667,0,0.000558667,-1.98335e-10,0.000558667,-1.98335e-10
75,0.000545914,0,0.000545914,-1.85061e-10,0.000545914,-1.85061e-10
75.1,0.000533438,0,0.000533438,-1.72661e-10,0.000533438,-1.72661e-10
75.2,0.000521229,0,0.000521229,-1.61075e-10,0.000521229,-1.61075e-10
75.3,0.000509287,0,0.000509287,-1.50255e-10,0.000509287,-1.50255e-10
75.4,0.0004976,0,0.0004976,-1.40147e-10,0.0004976,-1.40147e-10
75.5,0.000486167,0,0.000486167,-1.30707e-10,0.000486167,-1.30707e-10
75.6,0.000474983,0,0.000474983,-1.21892e-10,0.000474983,-1.21892e-10
75.7,0.000464041,0,0.000464041,-1.13661e-10,0.000464041,-1.13661e-10
75.8,0.000453339,0,0.000453339,-1.05977e-10,0.000453339,-1.05977e-10
75.9,0.000442868,0,0.000442868,-9.88016e-11,0.000442868,-9.88016e-11
76,0.000432626,0,0.000432626,-9.21038e-11,0.000432626,-9.21038e-11
76.1,0.000422608,0,0.000422608,-8.5853e-11,0.000422608,-8.5853e-11
76.2,0.000412809,0,0.000412809,-8.00182e-11,0.000412809,-8.00182e-11
76.3,0.000403226,0,0.000403226,-7.45738e-11,0.000403226,-7.45738e-11
76.4,0.000393852,0,0.000393852,-6.9493e-11,0.000393852,-6.9493e-11
76.5,0.000384684,0,0.000384684,-6.47521e-11,0.000384684,-6.47521e-11
76.6,0.000375719,0,0.000375719,-6.03297e-11,0.000375719,-6.03297e-11
76.7,0.000366951,0,0.000366951,-5.62036e-11,0.000366951,-5.62036e-11
76.8,0.000358377,0,0.000358377,-5.23553e-11,0.000358377,-5.23553e-11
76.9,0.000349992,0,0.000349992,-4.87658e-11,0.000349992,-4.87658e-11
77,0.000341792,0,0.000341792,-4.54179e-11,0.000341792,-4.54179e-11
77.1,0.000333775,0,0.000333775,-4.22964e-11,0.000333775,-4.22964e-11
77.2,0.000325935,0,0.000325935,-3.93854e-11,0.000325935,-3.93854e-11
77.3,0.000318271,0,0.000318271,-3.66718e-11,0.000318271,-3.66718e-11
77.4,0.000310776,0,0.000310776,-3.41416e-11,0.000310776,-3.41416e-11
77.5,0.000303449,0,0.000303449,-3.17832e-11,0.000303449,-3.17832e-11
77.6,0.000296286,0,0.000296286,-2.95851e-11,0.000296286,-2.95851e-11
77.7,0.000289282,0,0.000289282,-2.75362e-11,0.000289282,-2.75362e-11
77.8,0.000282436,0,0.000282436,-2.56271e-11,0.000282436,-2.56271e-11
77.9,0.000275742,0,0.000275742,-2.38479e-11,0.000275742,-2.38479e-11
78,0.000269199,0,0.000269199,-2.21903e-11,0.000269199,-2.21903e-11
78.1,0.000262804,0,0.000262804,-2.06461e-11,0.000262804,-2.06461e-11
78.2,0.000256552,0,0.000256552,-1.92074e-11,0.000256552,-1.92074e-11
78.3,0.000250442,0,0.000250442,-1.78675e-11,0.000250442,-1.78675e-11
78.4,0.000244469,0,0.000244469,-1.66193e-11,0.000244469,-1.66193e-11
78.5,0.000238631,0,0.000238631,-1.54569e-11,0.000238631,-1.54569e-11
78.6,0.000232927,0,0.000232927,-1.43748e-11,0.000232927,-1.43748e-11
78.7,0.000227351,0,0.000227351,-1.33669e-11,0.000227351,-1.33669e-11
78.8,0.000221902,0,0.000221902,-1.24287e-11,0.000221902,-1.24287e-11
78.9,0.000216576,0,0.000216576,-1.15551e-11,0.000216576,-1.15551e-11
79,0.000211372,0,0.000211372,-1.0742e-11,0.000211372,-1.0742e-11
79.1,0.000206287,0,0.000206287,-9.98526e-12,0.000206287,-9.98526e-12
79.2,0.000201318,0,0.000201318,-9.28086e-12,0.000201318,-9.28086e-12
79.3,0.000196463,0,0.000196463,-8.62545e-12,0.000196463,-8.62545e-12
79.4,0.000191718,0,0.000191718,-8.0155e-12,0.000191718,-8.0155e-12
79.5,0.000187082,0,0.000187082,-7.44799e-12,0.000187082,-7.44799e-12
79.6,0.000182554,0,0.000182554,-6.92013e-12,0.000182554,-6.92013e-12
79.7,0.000178129,0,0.000178129,-6.42899e-12,0.000178129,-6.42899e-12
79.8,0.000173806,0,0.000173806,-5.97222e-12,0.000173806,-5.97222e-12
79.9,0.000169582,0,0.000169582,-5.54733e-12,0.000169582,-5.54733e-12
80,0.000165456,0,0.000165456,-5.15219e-12,0.000165456,-5.15219e-12
80.1,0.000161427,0,0.000161427,-4.78483e-12,0.000161427,-4.78483e-12
80.2,0.000157489,0,0.000157489,-4.44318e-12,0.000157489,-4.44318e-12
80.3,0.000153644,0,0.000153644,-4.12559e-12,0.000153644,-4.12559e-12
80.4,0.000149887,0,0.000149887,-3.83031e-12,0.000149887,-3.83031e-12
80.5,0.000146218,0,0.000146218,-3.55583e-12,0.000146218,-3.55583e-12
80.6,0.000142634,0,0.000142634,-3.30075e-12,0.000142634,-3.30075e-12
80.7,0.000139134,0,0.000139134,-3.06367e-12,0.000139134,-3.06367e-12
80.8,0.000135716,0,0.000135716,-2.84337e-12,0.000135716,-2.84337e-12
80.9,0.000132377,0,0.000132377,-2.63864e-12,0.000132377,-2.63864e-12
81,0.000129116,0,0.000129116,-2.44842e-12,0.000129116,-2.44842e-12
81.1,0.000125933,0,0.000125933,-2.27173e-12,0.000125933,-2.27173e-12
81.2,0.000122824,0,0.000122824,-2.10759e-12,0.000122824,-2.10759e-12
81.3,0.000119788,0,0.000119788,-1.95514e-12,0.000119788,-1.95514e-12
81.4,0.000116823,0,0.000116823,-1.81352e-12,0.000116823,-1.81352e-12
81.5,0.000113928,0,0.000113928,-1.68201e-12,0.000113928,-1.68201e-12
81.6,0.000111101,0,0.000111101,-1.55991e-12,0.000111101,-1.55991e-12
81.7,0.000108341,0,0.000108341,-1.44652e-12,0.000108341,-1.44652e-12
81.8,0.000105647,0,0.000105647,-1.34127e-12,0.000105647,-1.34127e-12
81.9,0.000103017,0,0.000103017,-1.24355e-12,0.000103017,-1.24355e-12
82,0.000100448,0,0.000100448,-1.15284e-12,0.000100448,-1.15284e-12
82.1,9.79412e-05,0,9.79412e-05,-1.06865e-12,9.79412e-05,-1.06865e-12
82.2,9.54935e-05,0,9.54935e-05,-9.90517e-13,9.54935e-05,-9.90517e-13
82.3,9.31045e-05,0,9.31045e-05,-9.18023e-13,9.31045e-05,-9.18023e-13
82.4,9.07721e-05,0,9.07721e-05,-8.50743e-13,9.07721e-05,-8.50743e-13
82.5,8.84954e-05,0,8.84954e-05,-7.8832e-13,8.84954e-05,-7.8832e-13
82.6,8.62734e-05,0,8.62734e-05,-7.30419e-13,8.62734e-05,-7.30419e-13
82.7,8.41043e-05,0,8.41043e-05,-6.767e-13,8.41043e-05,-6.767e-13
82.8,8.19877e-05,0,8.19877e-05,-6.26884e-13,8.19877e-05,-6.26884e-13
82.9,7.99214e-05,0,7.99214e-05,-5.80672e-13,7.99214e-05,-5.80672e-13
83,7.79049e-05,0,7.79049e-05,-5.37817e-13,7.79048e-05,-5.37817e-13
83.1,7.59371e-05,0,7.59371e-05,-4.98085e-13,7.59371e-05,-4.98085e-13
83.2,7.40165e-05,0,7.40165e-05,-4.6124e-13,7.40165e-05,-4.6124e-13
83.3,7.21426e-05,0,7.21426e-05,-4.27088e-13,7.21426e-05,-4.27088e-13
83.4,7.03137e-05,0,7.03137e-05,-3.95421e-13,7.03137e-05,-3.95421e-13
83.5,6.85289e-05,0,6.85289e-05,-3.66069e-13,6.85289e-05,-3.66069e-13
83.6,6.67877e-05,0,6.67877e-05,-3.38868e-13,6.67877e-05,-3.38868e-13
83.7,6.50885e-05,0,6.50885e-05,-3.13656e-13,6.50885e-05,-3.13656e-13
83.8,6.34308e-05,0,6.34308e-05,-2.90296e-13,6.34308e-05,-2.90296e-13
83.9,6.18133e-05,0,6.18133e-05,-2.68649e-13,6.18132e-05,-2.68649e-13
84,6.0235e-05,0,6.0235e-05,-2.48593e-13,6.0235e-05,-2.48593e-13
84.1,5.86955e-05,0,5.86955e-05,-2.30015e-13,5.86955e-05,-2.30015e-13
84.2,5.71933e-05,0,5.71933e-05,-2.12803e-13,5.71933e-05,-2.12803e-13
84.3,5.57281e-05,0,5.57281e-05,-1.96863e-13,5.57281e-05,-1.96863e-13
84.4,5.42987e-05,0,5.42987e-05,-1.82099e-13,5.42986e-05,-1.82099e-13
84.5,5.29041e-05,0,5.29041e-05,-1.68426e-13,5.29041e-05,-1.68426e-13
84.6,5.1544e-05,0,5.1544e-05,-1.55767e-13,5.1544e-05,-1.55767e-13
84.7,5.02172e-05,0,5.02172e-05,-1.44045e-13,5.02172e-05,-1.44045e-13
84.8,4.89231e-05,0,4.89231e-05,-1.33194e-13,4.89231e-05,-1.33194e-13
84.9,4.76608e-05,0,4.76608e-05,-1.23147e-13,4.76608e-05,-1.23147e-13
85,4.64297e-05,0,4.64297e-05,-1.13849e-13,4.64297e-05,-1.13849e-13
85.1,4.52291e-05,0,4.52291e-05,-1.05243e-13,4.52291e-05,-1.05243e-13
85.2,4.4058e-05,0,4.4058e-05,-9.7278e-14,4.4058e-05,-9.7278e-14
85.3,4.2916e-05,0,4.2916e-05,-8.99083e-14,4.2916e-05,-8.99083e-14
85.4,4.18023e-05,0,4.18023e-05,-8.30884e-14,4.18023e-05,-8.30884e-14
85.5,4.07162e-05,0,4.07162e-05,-7.67791e-14,4.07162e-05,-7.67791e-14
85.6,3.96572e-05,0,3.96572e-05,-7.09427e-14,3.96572e-05,-7.09427e-14
85.7,3.86244e-05,0,3.86244e-05,-6.55432e-14,3.86244e-05,-6.55432e-14
85.8,3.76175e-05,0,3.76175e-05,-6.05498e-14,3.76175e-05,-6.05498e-14
85.9,3.66356e-05,0,3.66356e-05,-5.5931e-14,3.66356e-05,-5.5931e-14
86,3.56782e-05,0,3.56782e-05,-5.16597e-14,3.56782e-05,-5.16597e-14
86.1,3.4745e-05,0,3.4745e-05,-4.7711e-14,3.4745e-05,-4.7711e-14
86.2,3.3835e-05,0,3.3835e-05,-4.40593e-14,3.38349e-05,-4.40593e-14
86.3,3.29478e-05,0,3.29478e-05,-4.06838e-14,3.29478e-05,-4.06838e-14
86.4,3.20829e-05,0,3.20829e-05,-3.7563e-14,3.20829e-05,-3.7563e-14
86.5,3.12396e-05,0,3.12396e-05,-3.46784e-14,3.12396e-05,-3.46784e-14
86.6,3.04178e-05,0,3.04178e-05,-3.2013e-14,3.04178e-05,-3.2013e-14
86.7,2.96165e-05,0,2.96165e-05,-2.95491e-14,2.96165e-05,-2.95491e-14
86.8,2.88356e-05,0,2.88356e-05,-2.72727e-14,2.88356e-05,-2.72727e-14
86.9,2.80743e-05,0,2.80743e-05,-2.5169e-14,2.80743e-05,-2.5169e-14
87,2.73322e-05,0,2.73322e-05,-2.32254e-14,2.73322e-05,-2.32254e-14
87.1,2.66091e-05,0,2.66091e-05,-2.14304e-14,2.66091e-05,-2.14304e-14
87.2,2.59041e-05,0,2.59041e-05,-1.97719e-14,2.59041e-05,-1.97719e-14
87.3,2.52172e-05,0,2.52172e-05,-1.82402e-14,2.52172e-05,-1.82402e-14
87.4,2.45476e-05,0,2.45476e-05,-1.68255e-14,2.45476e-05,-1.68255e-14
87.5,2.38951e-05,0,2.38951e-05,-1.55191e-14,2.38951e-05,-1.55191e-14
87.6,2.32593e-05,0,2.32593e-05,-1.4313e-14,2.32593e-05,-1.4313e-14
87.7,2.26396e-05,0,2.26396e-05,-1.31992e-14,2.26396e-05,-1.31992e-14
87.8,2.20358e-05,0,2.20358e-05,-1.21711e-14,2.20358e-05,-1.21711e-14
87.9,2.14474e-05,0,2.14474e-05,-1.12219e-14,2.14474e-05,-1.12219e-14
88,2.08741e-05,0,2.08741e-05,-1.03458e-14,2.08741e-05,-1.03458e-14
88.1,2.03155e-05,0,2.03155e-05,-9.53728e-15,2.03155e-05,-9.53728e-15
88.2,1.97712e-05,0,1.97712e-05,-8.7911e-15,1.97712e-05,-8.7911e-15
88.3,1.9241e-05,0,1.9241e-05,-8.10261e-15,1.9241e-05,-8.10261e-15
88.4,1.87243e-05,0,1.87243e-05,-7.46725e-15,1.87243e-05,-7.46725e-15
88.5,1.8221e-05,0,1.8221e-05,-6.88108e-15,1.8221e-05,-6.88109e-15
88.6,1.77307e-05,0,1.77307e-05,-6.34042e-15,1.77307e-05,-6.34042e-15
88.7,1.7253e-05,0,1.7253e-05,-5.84166e-15,1.7253e-05,-5.84166e-15
88.8,1.67877e-05,0,1.67877e-05,-5.38167e-15,1.67877e-05,-5.38167e-15
88.9,1.63344e-05,0,1.63344e-05,-4.95738e-15,1.63344e-05,-4.95738e-15
89,1.58929e-05,0,1.58929e-05,-4.56612e-15,1.58929e-05,-4.56612e-15
89.1,1.54628e-05,0,1.54628e-05,-4.20541e-15,1.54628e-05,-4.20541e-15
89.2,1.50439e-05,0,1.50439e-05,-3.87278e-15,1.50439e-05,-3.87278e-15
89.3,1.4636e-05,0,1.4636e-05,-3.5662e-15,1.4636e-05,-3.5662e-15
89.4,1.42386e-05,0,1.42386e-05,-3.28353e-15,1.42386e-05,-3.28353e-15
89.5,1.38515e-05,0,1.38515e-05,-3.02298e-15,1.38515e-05,-3.02298e-15
89.6,1.34747e-05,0,1.34747e-05,-2.78288e-15,1.34747e-05,-2.78288e-15
89.7,1.31076e-05,0,1.31076e-05,-2.56159e-15,1.31076e-05,-2.56159e-15
89.8,1.27502e-05,0,1.27502e-05,-2.35771e-15,1.27502e-05,-2.35771e-15
89.9,1.24021e-05,0,1.24021e-05,-2.16983e-15,1.24021e-05,-2.16983e-15
90,1.20631e-05,0,1.20631e-05,-1.99673e-15,1.20631e-05,-1.99673e-15
90.1,1.17331e-05,0,1.17331e-05,-1.83729e-15,1.17331e-05,-1.83729e-15
90.2,1.14117e-05,0,1.14117e-05,-1.69041e-15,1.14117e-05,-1.69041e-15
90.3,1.10988e-05,0,1.10988e-05,-1.55515e-15,1.10988e-05,-1.55515e-15
90.4,1.07941e-05,0,1.07941e-05,-1.43056e-15,1.07941e-05,-1.43056e-15
90.5,1.04975e-05,0,1.04975e-05,-1.31583e-15,1.04975e-05,-1.31583e-15
90.6,1.02087e-05,0,1.02087e-05,-1.2102e-15,1.02087e-05,-1.2102e-15
90.7,9.92757e-06,0,9.92757e-06,-1.11294e-15,9.92757e-06,-1.11294e-15
90.8,9.65391e-06,0,9.65391e-06,-1.02341e-15,9.65391e-06,-1.02341e-15
90.9,9.38745e-06,0,9.38745e-06,-9.40987e-16,9.38745e-06,-9.40987e-16
91,9.12806e-06,0,9.12806e-06,-8.6512e-16,9.12806e-06,-8.6512e-16
91.1,8.8756e-06,0,8.8756e-06,-7.95305e-16,8.8756e-06,-7.95305e-16
91.2,8.62982e-06,0,8.62982e-06,-7.31048e-16,8.62982e-06,-7.31049e-16
91.3,8.39062e-06,0,8.39062e-06,-6.71929e-16,8.39062e-06,-6.71929e-16
91.4,8.15779e-06,0,8.15779e-06,-6.1753e-16,8.15779e-06,-6.1753e-16
91.5,7.93115e-06,0,7.93115e-06,-5.67479e-16,7.93115e-06,-5.67479e-16
91.6,7.71061e-06,0,7.71061e-06,-5.21443e-16,7.71061e-06,-5.21443e-16
91.7,7.49593e-06,0,7.49593e-06,-4.79091e-16,7.49593e-06,-4.79091e-16
91.8,7.28704e-06,0,7.28704e-06,-4.40144e-16,7.28704e-06,-4.40144e-16
91.9,7.08374e-06,0,7.08374e-06,-4.04323e-16,7.08374e-06,-4.04323e-16
92,6.88588e-06,0,6.88588e-06,-3.71381e-16,6.88588e-06,-3.71381e-16
92.1,6.69337e-06,0,6.69337e-06,-3.41096e-16,6.69337e-06,-3.41096e-16
92.2,6.50602e-06,0,6.50602e-06,-3.13247e-16,6.50602e-06,-3.13247e-16
92.3,6.32374e-06,0,6.32374e-06,-2.87649e-16,6.32374e-06,-2.87649e-16
92.4,6.14635e-06,0,6.14635e-06,-2.64115e-16,6.14635e-06,-2.64115e-16
92.5,5.97377e-06,0,5.97377e-06,-2.42486e-16,5.97377e-06,-2.42486e-16
92.6,5.80587e-06,0,5.80587e-06,-2.22609e-16,5.80587e-06,-2.22609e-16
92.7,5.64249e-06,0,5.64249e-06,-2.0434e-16,5.64249e-06,-2.0434e-16
92.8,5.48356e-06,0,5.48356e-06,-1.87555e-16,5.48356e-06,-1.87555e-16
92.9,5.32892e-06,0,5.32892e-06,-1.7213e-16,5.32892e-06,-1.7213e-16
93,5.17849e-06,0,5.17849e-06,-1.57961e-16,5.17849e-06,-1.57961e-16
93.1,5.03216e-06,0,5.03216e-06,-1.44946e-16,5.03216e-06,-1.44946e-16
93.2,4.8898e-06,0,4.8898e-06,-1.32989e-16,4.8898e-06,-1.32989e-16
93.3,4.75134e-06,0,4.75134e-06,-1.22008e-16,4.75134e-06,-1.22008e-16
93.4,4.61664e-06,0,4.61664e-06,-1.11923e-16,4.61664e-06,-1.11923e-16
93.5,4.48562e-06,0,4.48562e-06,-1.02661e-16,4.48562e-06,-1.02661e-16
93.6,4.35821e-06,0,4.35821e-06,-9.41595e-17,4.3582e-06,-9.41595e-17
93.7,4.23426e-06,0,4.23426e-06,-8.63521e-17,4.23426e-06,-8.63521e-17
93.8,4.11372e-06,0,4.11372e-06,-7.91857e-17,4.11372e-06,-7.91857e-17
93.9,3.99648e-06,0,3.99648e-06,-7.26065e-17,3.99648e-06,-7.26065e-17
94,3.88246e-06,0,3.88246e-06,-6.65677e-17,3.88246e-06,-6.65677e-17
94.1,3.77161e-06,0,3.77161e-06,-6.10267e-17,3.77161e-06,-6.10267e-17
94.2,3.66378e-06,0,3.66378e-06,-5.59407e-17,3.66378e-06,-5.59407e-17
94.3,3.55893e-06,0,3.55893e-06,-5.12745e-17,3.55893e-06,-5.12745e-17
94.4,3.45697e-06,0,3.45697e-06,-4.69925e-17,3.45697e-06,-4.69925e-17
94.5,3.35783e-06,0,3.35783e-06,-4.30642e-17,3.35783e-06,-4.30642e-17
94.6,3.26145e-06,0,3.26145e-06,-3.94614e-17,3.26145e-06,-3.94614e-17
94.7,3.16772e-06,0,3.16772e-06,-3.61559e-17,3.16772e-06,-3.61559e-17
94.8,3.0766e-06,0,3.0766e-06,-3.31247e-17,3.0766e-06,-3.31247e-17
94.9,2.98799e-06,0,2.98799e-06,-3.03444e-17,2.98799e-06,-3.03444e-17
95,2.90185e-06,0,2.90185e-06,-2.7795e-17,2.90185e-06,-2.7795e-17
95.1,2.81812e-06,0,2.81812e-06,-2.54578e-17,2.81812e-06,-2.54578e-17
95.2,2.73671e-06,0,2.73671e-06,-2.33146e-17,2.73671e-06,-2.33146e-17
95.3,2.65758e-06,0,2.65758e-06,-2.13501e-17,2.65758e-06,-2.13501e-17
95.4,2.58065e-06,0,2.58065e-06,-1.95491e-17,2.58065e-06,-1.95491e-17
95.5,2.50586e-06,0,2.50586e-06,-1.78983e-17,2.50586e-06,-1.78983e-17
95.6,2.43318e-06,0,2.43318e-06,-1.63857e-17,2.43318e-06,-1.63857e-17
95.7,2.36253e-06,0,2.36253e-06,-1.49994e-17,2.36253e-06,-1.49994e-17
95.8,2.29386e-06,0,2.29386e-06,-1.37292e-17,2.29386e-06,-1.37292e-17
95.9,2.22712e-06,0,2.22712e-06,-1.25652e-17,2.22712e-06,-1.25652e-17
96,2.16224e-06,0,2.16224e-06,-1.14989e-17,2.16224e-06,-1.14989e-17
96.1,2.09921e-06,0,2.09921e-06,-1.05222e-17,2.09921e-06,-1.05222e-17
96.2,2.03794e-06,0,2.03794e-06,-9.62751e-18,2.03794e-06,-9.62751e-18
96.3,1.9784e-06,0,1.9784e-06,-8.80814e-18,1.9784e-06,-8.80814e-18
96.4,1.92054e-06,0,1.92054e-06,-8.05767e-18,1.92054e-06,-8.05767e-18
96.5,1.86431e-06,0,1.86431e-06,-7.37045e-18,1.86431e-06,-7.37045e-18
96.6,1.80968e-06,0,1.80968e-06,-6.74131e-18,1.80968e-06,-6.74131e-18
96.7,1.75659e-06,0,1.75659e-06,-6.16523e-18,1.75659e-06,-6.16523e-18
96.8,1.70501e-06,0,1.70501e-06,-5.63796e-18,1.70501e-06,-5.63796e-18
96.9,1.65489e-06,0,1.65489e-06,-5.1552e-18,1.65489e-06,-5.15521e-18
97,1.60619e-06,0,1.60619e-06,-4.71335e-18,1.60619e-06,-4.71335e-18
97.1,1.55888e-06,0,1.55888e-06,-4.30903e-18,1.55888e-06,-4.30903e-18
97.2,1.51291e-06,0,1.51291e-06,-3.93898e-18,1.51291e-06,-3.93898e-18
97.3,1.46827e-06,0,1.46827e-06,-3.60044e-18,1.46827e-06,-3.60044e-18
97.4,1.42488e-06,0,1.42488e-06,-3.29063e-18,1.42488e-06,-3.29063e-18
97.5,1.38274e-06,0,1.38274e-06,-3.0072e-18,1.38274e-06,-3.0072e-18
97.6,1.34181e-06,0,1.34181e-06,-2.74797e-18,1.34181e-06,-2.74797e-18
97.7,1.30204e-06,0,1.30204e-06,-2.51081e-18,1.30204e-06,-2.51081e-18
97.8,1.26342e-06,0,1.26342e-06,-2.29396e-18,1.26342e-06,-2.29396e-18
97.9,1.2259e-06,0,1.2259e-06,-2.0956e-18,1.2259e-06,-2.0956e-18
98,1.18946e-06,0,1.18946e-06,-1.91422e-18,1.18946e-06,-1.91422e-18
98.1,1.15407e-06,0,1.15407e-06,-1.7484e-18,1.15407e-06,-1.7484e-18
98.2,1.1197e-06,0,1.1197e-06,-1.59677e-18,1.1197e-06,-1.59677e-18
98.3,1.08632e-06,0,1.08632e-06,-1.45819e-18,1.08632e-06,-1.45819e-18
98.4,1.0539e-06,0,1.0539e-06,-1.33148e-18,1.0539e-06,-1.33148e-18
98.5,1.02241e-06,0,1.02241e-06,-1.21567e-18,1.02241e-06,-1.21567e-18
98.6,9.91839e-07,0,9.91839e-07,-1.10985e-18,9.91839e-07,-1.10985e-18
98.7,9.62148e-07,0,9.62148e-07,-1.01313e-18,9.62148e-07,-1.01313e-18
98.8,9.3332e-07,0,9.3332e-07,-9.24769e-19,9.3332e-07,-9.24769e-19
98.9,9.05327e-07,0,9.05327e-07,-8.4403e-19,9.05327e-07,-8.4403e-19
99,8.78144e-07,0,8.78144e-07,-7.70263e-19,8.78144e-07,-7.70263e-19
99.1,8.51755e-07,0,8.51755e-07,-7.02888e-19,8.51755e-07,-7.02888e-19
99.2,8.2613e-07,0,8.2613e-07,-6.41338e-19,8.2613e-07,-6.41338e-19
99.3,8.01255e-07,0,8.01255e-07,-5.85131e-19,8.01255e-07,-5.85131e-19
99.4,7.77103e-07,0,7.77103e-07,-5.33798e-19,7.77103e-07,-5.33798e-19
99.5,7.53654e-07,0,7.53654e-07,-4.8692e-19,7.53654e-07,-4.8692e-19
99.6,7.30894e-07,0,7.30894e-07,-4.44124e-19,7.30894e-07,-4.44124e-19
99.7,7.08796e-07,0,7.08796e-07,-4.05046e-19,7.08796e-07,-4.05046e-19
99.8,6.87347e-07,0,6.87347e-07,-3.69377e-19,6.87347e-07,-3.69377e-19
99.9,6.66525e-07,0,6.66525e-07,-3.36814e-19,6.66525e-07,-3.36814e-19
100,6.46315e-07,0,6.46315e-07,-3.07095e-19,6.46315e-07,-3.07095e-19
100.1,6.26699e-07,0,6.26699e-07,-2.79974e-19,6.26699e-07,-2.79974e-19
100.2,6.07658e-07,0,6.07658e-07,-2.55222e-19,6.07658e-07,-2.55222e-19
100.3,5.89179e-07,0,5.89179e-07,-2.32639e-19,5.89179e-07,-2.32639e-19
100.4,5.71242e-07,0,5.71242e-07,-2.12033e-19,5.71242e-07,-2.12033e-19
100.5,5.53836e-07,0,5.53836e-07,-1.93235e-19,5.53836e-07,-1.93235e-19
100.6,5.36945e-07,0,5.36945e-07,-1.76088e-19,5.36945e-07,-1.76088e-19
100.7,5.2055e-07,0,5.2055e-07,-1.60446e-19,5.2055e-07,-1.60446e-19
100.8,5.04643e-07,0,5.04643e-07,-1.46182e-19,5.04643e-07,-1.46182e-19
100.9,4.89204e-07,0,4.89204e-07,-1.33172e-19,4.89204e-07,-1.33172e-19
101,4.74223e-07,0,4.74223e-07,-1.21308e-19,4.74223e-07,-1.21308e-19
101.1,4.5969e-07,0,4.5969e-07,-1.10494e-19,4.5969e-07,-1.10494e-19
101.2,4.45586e-07,0,4.45586e-07,-1.00632e-19,4.45586e-07,-1.00632e-19
101.3,4.31903e-07,0,4.31903e-07,-9.1643e-20,4.31903e-07,-9.1643e-20
101.4,4.18625e-07,0,4.18625e-07,-8.34483e-20,4.18625e-07,-8.34483e-20
101.5,4.05743e-07,0,4.05743e-07,-7.59793e-20,4.05743e-07,-7.59793e-20
101.6,3.93248e-07,0,3.93248e-07,-6.91738e-20,3.93248e-07,-6.91738e-20
101.7,3.81124e-07,0,3.81124e-07,-6.29708e-20,3.81124e-07,-6.29708e-20
101.8,3.69363e-07,0,3.69363e-07,-5.73195e-20,3.69363e-07,-5.73195e-20
101.9,3.57953e-07,0,3.57953e-07,-5.21698e-20,3.57953e-07,-5.21698e-20
102,3.46885e-07,0,3.46885e-07,-4.74785e-20,3.46885e-07,-4.74785e-20
102.1,3.3615e-07,0,3.3615e-07,-4.32058e-20,3.3615e-07,-4.32058e-20
102.2,3.25736e-07,0,3.25736e-07,-3.93133e-20,3.25736e-07,-3.93133e-20
102.3,3.15636e-07,0,3.15636e-07,-3.57686e-20,3.15636e-07,-3.57686e-20
